10
18
19
22
23
24
25
26
27
28
31
32
34
35
38
40
42
60
61
62
70
72
75
84
85
89
90
92
95
96
98
110
113
114
117
118
119
125
127
132
134
135
136
137
138
146
147
154
157
161
162
163
168
171
172
173
176
177
178
179
184
192
193
195
198
205
206
210
212
217
218
220
221
224
230
236
237
242
248
261
262
263
267
270
271
279
280
283
284
285
295
298
299
300
301
307
308
313
318
325
332
334
339
343
345
348
349
350
351
352
367
368
369
374
379
381
384
389
399
400
401
402
403
404
407
410
412
415
422
428
430
434
437
443
444
446
465
466
467
472
473
491
493
495
502
503
504
506
513
517
518
521
524
526
535
544
545
555
558
560
567
570
572
582
584
586
596
601
617
618
626
627
629
632
635
642
643
646
647
648
652
653
656
657
665
668
669
671
675
676
678
682
684
685
700
702
703
705
707
731
736
737
740
741
745
749
751
752
753
759
760
761
765
766
767
769
770
781
782
785
798
799
816
817
818
825
833
840
845
855
872
878
890
892
896
901
907
910
912
913
918
921
927
928
931
932
939
940
944
954
955
956
958
959
960
972
974
979
985
989
998
1001
1009
1010
1011
1022
1023
1026
1029
1036
1050
1051
1053
1061
1066
1069
1071
1077
1080
1081
1085
1086
1088
1092
1096
1103
1104
1105
1110
1112
1113
1118
1126
1127
1128
1133
1144
1147
1148
1149
1154
1157
1161
1170
1171
1172
1173
1174
1175
1180
1191
1194
1197
1205
1206
1208
1221
1222
1223
1225
1232
1239
1241
1242
1244
1247
1255
1256
1268
1269
1271
1274
1279
1283
1284
1287
1288
1289
1290
1291
1299
1300
1306
1308
1310
1314
1322
1323
1334
1336
1337
1339
1343
1345
1352
1357
1358
1363
1367
1368
1371
1373
1376
1377
1382
1385
1394
1396
1397
1399
1403
1405
1406
1409
1412
1422
1425
1428
1432
1433
1444
1446
1447
1450
1452
1455
1462
1464
1467
1474
1476
1478
1480
1482
1485
1486
1487
1488
1493
1495
1496
1500
1501
1502
1503
1504
1508
1509
1510
1511
1512
1515
1524
1527
1528
1529
1533
1542
1543
1545
1550
1551
1552
1555
1565
1576
1577
1578
1583
1584
1589
1590
1594
1605
1611
1613
1619
1634
1635
1639
1640
1642
1643
1644
1645
1650
1651
1652
1657
1664
1674
1675
1679
1680
1688
1689
1692
1695
1699
1703
1708
1709
1710
1711
1712
1713
1714
1715
1716
1718
1719
1722
1724
1725
1727
1737
1739
1766
1774
1775
1777
1779
1783
1784
1785
1788
1789
1794
1795
1797
1798
1801
1802
1812
1827
1828
1848
1850
1852
1853
1856
1867
1868
1869
1872
1875
1876
1881
1883
1884
1885
1886
1894
1898
1899
1900
1905
1907
1909
1912
1914
1915
1917
1918
1919
1933
1936
1937
1949
1950
1952
1953
1955
1956
1957
1958
1971
1972
1975
1976
1977
1980
1981
1985
1987
1990
1994
1995
2003
2004
2005
2011
2015
2018
2022
2024
2025
2026
2040
2042
2044
2045
2046
2049
2055
2060
2061
2062
2069
2070
2073
2075
2077
2078
2085
2088
2089
2091
2092
2095
2103
2105
2106
2107
2108
2109
2114
2117
2122
2130
2131
2133
2137
2138
2139
2140
2141
2143
2147
2148
2153
2154
2157
2158
2161
2170
2171
2177
2178
2179
2187
2196
2198
2201
2203
2204
2207
2228
2229
2240
2241
2242
2249
2253
2254
2255
2257
2258
2260
2261
2271
2272
2273
2276
2277
2279
2281
2288
2289
2292
2293
2294
2295
2297
2298
2302
2303
2304
2309
2310
2311
2312
2314
2315
2316
2321
2325
2326
2327
2328
2334
2335
2337
2342
2343
2346
2348
2349
2358
2360
2361
2373
2374
2376
2378
2381
2385
2403
2407
2408
2409
2410
2411
2412
2413
2426
2427
2428
2431
2441
2454
2456
2458
2459
2460
2461
2463
2464
2471
2472
2473
2479
2494
2495
2503
2510
2511
2525
2526
2530
2531
2532
2536
2537
2545
2546
2548
2549
2553
2554
2557
2559
2564
2567
2580
2584
2585
2586
2587
2594
2596
2600
2607
2609
2612
2614
2621
2624
2626
2631
2635
2636
2637
2638
2642
2643
2644
2646
2654
2655
2657
2660
2661
2663
2687
2690
2692
2695
2699
2700
2707
2709
2717
2728
2729
2730
2733
2734
2735
2736
2739
2753
2754
2757
2758
2764
2770
2771
2775
2780
2781
2800
2802
2804
2813
2814
2825
2837
2839
2847
2854
2859
2860
2863
2865
2866
2870
2871
2872
2875
2890
2894
2895
2900
2901
2903
2908
2914
2917
2926
2927
2930
2932
2937
2939
2942
2943
2946
2947
2948
2949
2950
2951
2953
2954
2959
2970
2976
2978
2979
2985
2986
3001
3003
3005
3006
3009
3012
3013
3017
3038
3042
3043
3044
3045
3055
3063
3066
3067
3072
3076
3077
3080
3081
3083
3088
3095
3102
3108
3110
3118
3120
3123
3129
3132
3145
3146
3149
3155
3156
3159
3160
3164
3165
3167
3174
3175
3180
3181
3182
3184
3185
3191
3192
3200
3205
3207
3212
3219
3220
3221
3222
3224
3226
3228
3233
3242
3243
3244
3249
3253
3254
3260
3262
3263
3265
3267
3269
3271
3272
3273
3277
3285
3288
3294
3296
3299
3300
3301
3316
3317
3327
3328
3332
3333
3334
3338
3339
3340
3341
3342
3343
3344
3345
3349
3353
3354
3358
3364
3365
3382
3383
3400
3401
3402
3403
3407
3409
3411
3413
3416
3430
3431
3432
3433
3434
3435
3445
3450
3451
3454
3465
3466
3467
3472
3474
3475
3476
3477
3479
3483
3485
3486
3488
3491
3498
3499
3501
3505
3510
3521
3528
3529
3530
3531
3532
3533
3542
3543
3544
3545
3550
3551
3554
3555
3563
3567
3568
3569
3571
3573
3581
3584
3585
3587
3614
3620
3622
3626
3642
3646
3653
3654
3655
3656
3672
3677
3678
3683
3692
3694
3695
3696
3697
3699
3708
3709
3710
3712
3714
3715
3717
3718
3721
3729
3731
3734
3741
3742
3743
3752
3753
3754
3758
3763
3764
3770
3771
3772
3778
3781
3789
3790
3794
3796
3801
3811
3812
3815
3820
3824
3827
3828
3830
3836
3839
3840
3849
3858
3861
3863
3864
3871
3872
3882
3886
3893
3898
3901
3904
3905
3913
3914
3917
3918
3923
3927
3930
3934
3935
3936
3938
3942
3943
3946
3948
3955
3956
3957
3959
3963
3964
3966
3967
3973
3981
3983
3984
3990
3992
3993
3994
3995
3999
4001
4004
4005
4011
4012
4013
4021
4023
4026
4037
4038
4039
4042
4061
4062
4063
4068
4069
4070
4071
4076
4078
4080
4081
4083
4084
4092
4102
4103
4106
4108
4122
4130
4131
4134
4135
4138
4142
4147
4148
4152
4153
4171
4194
4195
4197
4201
4202
4203
4204
4207
4213
4216
4217
4223
4224
4226
4227
4232
4233
4234
4235
4236
4240
4241
4243
4246
4248
4252
4255
4257
4263
4264
4265
4270
4271
4272
4274
4276
4278
4292
4299
4308
4309
4311
4326
4332
4343
4355
4358
4360
4361
4366
4368
4369
4370
4371
4372
4384
4385
4386
4391
4403
4404
4405
4409
4410
4411
4412
4440
4441
4443
4447
4451
4462
4463
4464
4468
4470
4471
4474
4476
4477
4478
4486
4487
4503
4504
4509
4516
4518
4519
4533
4534
4539
4543
4548
4549
4550
4551
4552
4556
4569
4587
4595
4596
4597
4600
4601
4602
4606
4607
4614
4615
4616
4617
4620
4621
4629
4630
4631
4633
4639
4640
4642
4644
4645
4646
4647
4649
4650
4655
4656
4659
4664
4665
4666
4668
4671
4674
4675
4676
4677
4678
4679
4683
4684
4686
4687
4690
4694
4700
4702
4718
4723
4726
4728
4733
4735
4739
4745
4746
4747
4754
4756
4764
4766
4769
4773
4776
4777
4782
4783
4786
4788
4800
4801
4802
4829
4831
4832
4833
4835
4841
4851
4852
4853
4862
4866
4867
4868
4869
4870
4871
4878
4881
4882
4883
4889
4898
4900
4909
4911
4912
4922
4926
4930
4938
4939
4942
4943
4945
4946
4950
4951
4953
4954
4955
4956
4958
4963
4964
4967
4968
4976
4981
4983
4986
4987
4989
5001
5002
5009
5010
5013
5014
5023
5024
5027
5028
5032
5034
5038
5046
5047
5048
5049
5050
5051
5052
5061
5064
5069
5072
5074
5075
5084
5086
5090
5096
5097
5098
5099
5109
5110
5112
5116
5117
5118
5119
5121
5123
5125
5133
5134
5135
5136
5139
5140
5142
5143
5152
5153
5161
5162
5164
5168
5172
5173
5176
5178
5179
5195
5196
5197
5200
5201
5203
5204
5208
5210
5215
5220
5224
5225
5231
5234
5235
5242
5243
5246
5249
5250
5252
5256
5257
5260
5262
5265
5268
5269
5270
5276
5279
5282
5284
5293
5294
5315
5319
5320
5323
5324
5325
5328
5345
5351
5353
5357
5358
5362
5363
5364
5365
5382
5384
5389
5390
5391
5397
5398
5400
5404
5405
5412
5413
5414
5415
5417
5418
5423
5429
5430
5431
5436
5441
5442
5445
5447
5450
5458
5459
5461
5462
5466
5474
5476
5482
5483
5484
5487
5494
5496
5504
5518
5522
5524
5527
5529
5530
5535
5536
5543
5544
5545
5546
5548
5550
5560
5561
5568
5573
5574
5575
5576
5578
5582
5583
5588
5591
5592
5593
5594
5597
5598
5620
5625
5626
5632
5634
5635
5644
5645
5646
5647
5648
5655
5657
5660
5666
5667
5668
5678
5680
5681
5686
5687
5688
5690
5703
5705
5706
5707
5710
5711
5712
5713
5718
5719
5720
5726
5735
5760
5762
5765
5770
5773
5781
5794
5800
5802
5815
5823
5824
5831
5833
5834
5840
5843
5852
5853
5857
5858
5862
5863
5864
5869
5871
5872
5875
5876
5885
5891
5893
5894
5895
5899
5907
5910
5915
5917
5919
5933
5934
5936
5943
5949
5950
5951
5952
5953
5954
5957
5962
5963
5964
5973
5976
5977
5979
5981
5987
5989
5990
5994
5997
5998
5999
6004
6005
6015
6018
6019
6022
6024
6025
6031
6032
6033
6034
6036
6040
6041
6045
6046
6050
6054
6055
6057
6064
6067
6068
6069
6072
6077
6087
6088
6090
6099
6100
6102
6104
6105
6106
6118
6119
6126
6136
6140
6145
6146
6152
6153
6157
6158
6159
6163
6169
6172
6173
6185
6189
6199
6201
6204
6205
6208
6216
6217
6219
6227
6230
6231
6236
6258
6264
6277
6281
6282
6283
6285
6286
6289
6295
6299
6300
6305
6309
6310
6311
6319
6326
6327
6333
6335
6341
6342
6350
6379
6381
6384
6388
6398
6399
6401
6405
6406
6415
6418
6421
6425
6427
6430
6432
6433
6438
6439
6440
6441
6443
6446
6450
6451
6463
6468
6477
6484
6485
6490
6501
6505
6517
6518
6519
6520
6522
6523
6524
6525
6527
6530
6533
6540
6543
6547
6551
6552
6556
6557
6565
6567
6569
6570
6571
6574
6576
6577
6579
6584
6585
6586
6587
6596
6597
6598
6611
6612
6617
6619
6623
6633
6648
6649
6660
6663
6664
6666
6667
6670
6671
6673
6674
6679
6680
6681
6683
6685
6688
6689
6692
6695
6696
6701
6702
6707
6708
6716
6719
6721
6729
6736
6740
6741
6752
6754
6756
6757
6760
6761
6775
6776
6777
6780
6781
6786
6787
6796
6799
6800
6801
6802
6806
6808
6809
6812
6815
6816
6828
6843
6848
6851
6852
6853
6854
6872
6873
6874
6880
6886
6888
6889
6890
6892
6898
6905
6906
6910
6911
6915
6919
6921
6922
6923
6924
6928
6934
6935
6937
6947
6949
6974
6975
6986
6987
6991
6993
6995
6996
6999
7005
7014
7019
7020
7024
7025
7026
7027
7033
7034
7035
7039
7043
7044
7045
7046
7054
7055
7067
7069
7072
7081
7082
7090
7092
7096
7097
7107
7112
7113
7114
7116
7123
7129
7130
7131
7134
7141
7145
7148
7150
7151
7152
7153
7158
7161
7162
7163
7167
7183
7188
7196
7200
7201
7205
7207
7210
7211
7212
7213
7217
7225
7230
7235
7240
7241
7243
7244
7246
7248
7253
7254
7257
7258
7262
7263
7267
7268
7271
7272
7276
7277
7278
7279
7281
7282
7283
7284
7285
7286
7292
7293
7302
7303
7321
7322
7324
7328
7329
7334
7339
7340
7343
7349
7353
7355
7356
7357
7361
7364
7365
7367
7368
7384
7385
7390
7391
7392
7393
7395
7400
7401
7403
7407
7408
7409
7422
7424
7432
7435
7436
7437
7443
7447
7449
7451
7456
7462
7466
7467
7468
7469
7471
7472
7473
7474
7483
7484
7490
7492
7499
7500
7502
7503
7504
7516
7519
7527
7531
7533
7544
7545
7549
7551
7552
7555
7556
7564
7574
7590
7591
7597
7598
7600
7608
7611
7612
7613
7620
7621
7625
7627
7628
7640
7646
7647
7648
7650
7651
7654
7655
7656
7662
7664
7665
7670
7678
7679
7680
7689
7691
7692
7693
7694
7697
7701
7703
7705
7710
7730
7732
7738
7739
7740
7749
7750
7751
7755
7757
7766
7773
7775
7776
7786
7787
7788
7789
7791
7792
7793
7794
7795
7797
7799
7800
7805
7809
7810
7812
7825
7826
7828
7832
7833
7838
7839
7840
7844
7845
7852
7854
7855
7861
7862
7864
7865
7866
7867
7868
7874
7879
7880
7881
7888
7889
7892
7895
7901
7905
7906
7907
7909
7910
7911
7923
7924
7925
7926
7928
7936
7944
7946
7948
7951
7952
7954
7960
7969
7976
7977
7978
7979
7981
7982
7985
7986
7987
7990
7991
7994
7996
7999
8006
8007
8014
8015
8017
8021
8022
8023
8024
8025
8031
8032
8034
8035
8036
8037
8041
8044
8045
8055
8056
8058
8076
8081
8087
8088
8090
8097
8105
8106
8107
8114
8116
8117
8129
8132
8146
8153
8160
8161
8166
8167
8171
8174
8175
8177
8178
8182
8195
8196
8204
8205
8206
8207
8208
8212
8213
8214
8216
8221
8225
8226
8230
8231
8241
8242
8249
8252
8253
8255
8256
8259
8265
8266
8267
8269
8270
8273
8275
8276
8278
8279
8280
8285
8292
8295
8313
8320
8322
8325
8326
8328
8329
8335
8337
8341
8344
8346
8352
8353
8355
8356
8357
8359
8360
8361
8362
8372
8376
8385
8386
8387
8389
8391
8392
8397
8401
8408
8409
8415
8417
8418
8424
8425
8428
8430
8431
8447
8448
8451
8452
8454
8463
8465
8468
8473
8476
8477
8479
8483
8484
8485
8493
8496
8498
8501
8502
8503
8505
8508
8511
8513
8514
8520
8521
8522
8523
8524
8525
8532
8533
8534
8542
8543
8547
8548
8560
8573
8575
8576
8587
8597
8598
8600
8604
8607
8608
8610
8611
8612
8616
8617
8623
8625
8627
8633
8640
8657
8659
8668
8669
8673
8677
8679
8681
8682
8685
8686
8687
8688
8690
8691
8692
8697
8698
8701
8705
8729
8731
8743
8744
8745
8750
8753
8764
8767
8769
8773
8774
8778
8784
8785
8786