6
7
8
9
10
122
123
124
125
126
127
167
168
169
170
171
172
173
174
175
206
207
208
209
272
273
274
275
276
277
278
279
280
281
282
283
284
285
286
287
288
289
333
334
335
336
337
338
340
341
354
355
356
357
358
360
361
362
366
367
368
369
370
371
372
379
380
381
382
383
384
385
386
387
388
389
390
435
436
437
468
479
480
481
482
483
484
511
512
513
514
515
516
540
541
542
543
544
555
556
557
558
559
560
561
562
563
564
566
573
574
575
619
620
621
622
623
624
670
671
672
673
674
675
676
752
753
754
755
756
757
758
759
760
761
762
763
764
765
766
770
771
772
773
774
776
810
811
812
813
814
815
816
817
818
819
820
821
822
823
827
828
829
830
831
832
833
879
880
881
888
889
890
891
892
893
894
907
908
909
910
911
947
948
949
962
963
964
965
966
979
980
981
982
983
984
988
989
990
991
992
1011
1012
1013
1014
1015
1016
1020
1021
1022
1023
1024
1031
1032
1033
1034
1035
1036
1037
1039
1041
1060
1061
1062
1063
1064
1065
1067
1068
1069
1070
1071
1072
1073
1074
1141
1142
1143
1144
1145
1146
1147
1151
1152
1153
1200
1201
1219
1220
1221
1222
1223
1224
1225
1226
1227
1228
1229
1243
1244
1245
1278
1279
1280
1281
1282
1297
1298
1303
1304
1305
1306
1307
1308
1309
1310
1311
1312
1313
1314
1356
1357
1358
1359
1360
1361
1363
1364
1365
1367
1368
1369
1370
1371
1396
1397
1398
1399
1400
1401
1402
1403
1404
1417
1418
1419
1420
1427
1428
1429
1430
1431
1432
1433
1440
1441
1442
1443
1444
1445
1446
1447
1449
1451
1452
1461
1462
1499
1500
1501
1589
1590
1591
1592
1593
1594
1595
1596
1597
1598
1614
1615
1616
1617
1618
1619
1620
1622
1623
1624
1625
1626
1634
1635
1636
1638
1639
1640
1641
1642
1670
1671
1672
1673
1674
1675
1685
1686
1687
1688
1689
1690
1694
1695
1696
1697
1698
1736
1737
1738
1739
1740
1741
1806
1807
1808
1809
1810
1811
1812
1834
1835
1836
1837
1838
1895
1896
1897
1898
1899
1900
1907
1908
1909
1930
1931
1932
1933
1934
1935
1936
1937
1938
1939
1940
1941
1942
1943
1944
1945
1946
1947
1962
1963
1965
1966
1967
1968
1969
2000
2001
2002
2003
2004
2005
2006
2007
2034
2035
2036
2037
2038
2039
2040
2044
2045
2046
2047
2048
2049
2065
2066
2067
2068
2069
2070
2080
2081
2082
2083
2084
2085
2086
2087
2088
2089
2090
2134
2135
2136
2137
2138
2139
2140
2170
2171
2172
2184
2217
2218
2219
2221
2222
2225
2268
2269
2270
2271
2275
2276
2277
2278
2283
2288
2289
2290
2291
2293
2346
2347
2366
2367
2368
2369
2370
2371
2393
2394
2395
2396
2430
2431
2432
2433
2434
2435
2436
2445
2449
2450
2451
2452
2456
2457
2458
2460
2467
2468
2469
2470
2471
2489
2490
2491
2492
2493
2503
2504
2505
2518
2519
2520
2521
2522
2523
2524
2525
2532
2533
2534
2535
2553
2554
2555
2556
2557
2559
2578
2579
2580
2581
2582
2630
2631
2632
2652
2653
2654
2655
2656
2657
2661
2662
2663
2664
2693
2694
2695
2708
2709
2710
2711
2781
2782
2783
2784
2785
2786
2796
2797
2798
2799
2800
2801
2835
2836
2837
2838
2839
2840
2847
2848
2849
2859
2860
2861
2862
2863
2864
2865
2866
3000
3001
3002
3003
3004
3005
3006
3007
3008
3009
3010
3011
3012
3013
3023
3024
3025
3026
3046
3047
3049
3050
3051
3052
3053
3054
3061
3062
3063
3064
3065
3066
3079
3080
3081
3082
3137
3138
3139
3140
3153
3154
3155
3156
3157
3158
3159
3160
3161
3162
3163
3164
3165
3166
3167
3168
3169
3170
3194
3195
3196
3197
3198
3199
3207
3208
3209
3210
3211
3212
3213
3217
3218
3219
3220
3221
3238
3239
3240
3241
3242
3243
3299
3300
3301
3366
3367
3368
3369
3370
3371
3372
3373
3383
3384
3385
3386
3394
3396
3397
3400
3401
3426
3427
3428
3429
3430
3431
3432
3445
3446
3447
3448
3449
3450
3487
3488
3489
3496
3497
3498
3499
3500
3510
3511
3512
3513
3514
3549
3550
3551
3552
3553
3554
3555
3565
3566
3567
3568
3572
3575
3580
3581
3587
3588
3590
3604
3605
3606
3608
3611
3646
3647
3648
3649
3650
3651
3652
3653
3654
3655
3656
3657
3679
3680
3681
3682
3683
3684
3685
3686
3690
3691
3692
3693
3694
3695
3724
3725
3726
3727
3728
3729
3730
3731
3799
3800
3801
3802
3803
3807
3808
3809
3810
3811
3812
3828
3829
3830
3831
3879
3880
3881
3882
3883
3887
3888
3889
3890
3903
3904
3905
3906
3930
3931
3932
3933
3934
3935
3945
3946
3947
3948
3949
3950
4008
4009
4010
4011
4012
4013
4014
4026
4066
4067
4068
4069
4070
4071
4072
4073
4074
4075
4076
4077
4085
4086
4087
4088
4089
4099
4100
4101
4102
4112
4113
4114
4115
4116
4126
4127
4128
4129
4130
4131
4138
4139
4140
4141
4154
4155
4156
4181
4182
4183
4184
4185
4186
4187
4188
4205
4206
4207
4208
4209
4210
4211
4212
4213
4214
4246
4247
4248
4249
4250
4251
4307
4308
4309
4310
4356
4357
4358
4359
4388
4390
4394
4395
4396
4397
4432
4433
4434
4435
4436
4437
4456
4457
4458
4459
4460
4491
4492
4493
4494
4504
4522
4523
4524
4525
4526
4527
4534
4535
4536
4537
4538
4539
4540
4559
4560
4561
4562
4563
4564
4566
4567
4568
4569
4570
4583
4584
4585
4586
4587
4588
4589
4590
4591
4592
4593
4594
4595
4596
4624
4625
4626
4627
4628
4715
4716
4717
4718
4722
4741
4742
4743
4744
4745
4746
4747
4748
4749
4750
4751
4752
4753
4754
4789
4790
4791
4792
4793
4800
4801
4802
4803
4836
4837
4838
4839
4840
4841
4872
4873
4874
4875
4876
4939
4940
4941
4942
4943
4946
4951
4952
4953
4954
4955
4956
4972
4973
4974
4975
4976
4977
4984
4985
4986
4987
4988
4989
5006
5007
5008
5009
5010
5011
5081
5082
5083
5084
5085
5086
5087
5088
5089
5090
5094
5147
5148
5149
5150
5151
5152
5153
5154
5209
5210
5211
5212
5213
5214
5215
5216
5217
5218
5240
5241
5300
5301
5302
5303
5304
5311
5312
5313
5314
5315
5316
5317
5318
5319
5320
5321
5322
5369
5370
5371
5372
5373
5374
5375
5376
5377
5379
5453
5454
5455
5456
5457
5458
5459
5460
5499
5500
5501
5502
5503
5504
5505
5506
5507
5508
5509
5510
5529
5530
5531
5532
5533
5534
5535
5577
5578
5579
5580
5581
5582
5611
5612
5613
5614
5615
5616
5617
5618
5619
5620
5621
5625
5626
5627
5634
5635
5636
5637
5656
5657
5658
5677
5678
5679
5680
5681
5682
5683
5684
5707
5708
5709
5710
5711
5712
5713
5715
5716
5717
5718
5719
5720
5786
5788
5818
5819
5820
5821
5822
5857
5858
5859
5860
5867
5868
5869
5912
5913
5914
5915
5934
5979
5980
5981
5982
5983
5984
5986
5987
5988
6068
6069
6070
6071
6072
6073
6075
6076
6083
6084
6085
6086
6087
6091
6092
6093
6094
6095
6096
6116
6117
6118
6119
6120
6122
6123
6124
6125
6126
6130
6131
6132
6133
6134
6135
6136
6137
6138
6139
6140
6141
6142
6143
6207
6208
6209
6210
6250
6251
6252
6253
6254
6255
6256
6257
6258
6259
6260
6267
6268
6270
6271
6272
6273
6274
6275
6276
6277
6278
6279
6280
6281
6319
6320
6321
6322
6323
6324
6325
6326
6327
6328
6439
6440
6441
6442
6443
6444
6445
6446
6447
6448
6449
6450
6460
6461
6462
6463
6464
6465
6466
6473
6474
6475
6476
6477
6478
6485
6486
6487
6488
6527
6528
6529
6530
6531
6532
6533
6534
6535
6536
6568
6569
6570
6577
6578
6579
6580
6581
6582
6583
6584
6585
6586
6593
6594
6595
6596
6597
6598
6599
6600
6601
6602
6618
6619
6620
6621
6625
6626
6627
6628
6632
6633
6634
6729
6730
6731
6732
6736
6737
6738
6739
6740
6741
6780
6781
6782
6789
6790
6791
6792
6793
6794
6862
6863
6864
6868
6869
6870
6871
6872
6873
6926
6927
6928
6929
6930
6931
6933
6934
6935
6936
6937
6938
6939
6940
6941
6982
6983
6984
6985
6986
6987
7020
7021
7022
7023
7024
7025
7026
7057
7058
7059
7060
7061
7062
7063
7064
7066
7067
7068
7069
7070
7071
7072
7073
7090
7091
7092
7093
7097
7098
7099
7100
7160
7161
7162
7163
7164
7165
7166
7213
7214
7215
7216
7217
7218
7219
7220
7221
7225
7226
7228
7229
7230
7231
7232
7273
7274
7275
7276
7287
7288
7289
7290
7291
7298
7299
7300
7301
7302
7322
7323
7324
7325
7338
7339
7340
7341
7342
7343
7344
7349
7350
7352
7353
7354
7367
7368
7369
7370
7371
7372
7379
7380
7381
7382
7383
7384
7386
7400
7401
7402
7403
7404
7405
7406
7407
7408
7412
7413
7414
7415
7416
7417
7418
7419
7420
7421
7457
7458
7459
7474
7475
7476
7477
7478
7479
7480
7481
7482
7483
7484
7485
7486
7487
7488
7489
7523
7524
7525
7526
7527
7554
7555
7556
7557
7558
7559
7560
7561
7562
7563
7608
7609
7610
7611
7612
7613
7623
7624
7625
7626
7627
7628
7706
7707
7708
7709
7710
7746
7747
7748
7749
7783
7784
7785
7786
7861
7862
7863
7864
7865
7866
7867
7868
7869
7870
7871
7878
7879
7880
7881
7882
7883
7915
7916
7917
7918
7919
7920
7967
7968
7969
7970
7971
7973
7974
7975
7976
7977
7978
7979
7980
7981
7982
7983
7984
7985
7986
7987
7998
7999
8000
8001
8002
8003
8004
8005
8020
8021
8022
8023
8024
8025
8026
8027
8028
8029
8030
8031
8032
8082
8083
8084
8085
8086
8087
8088
8089
8090
8091
8092
8093
8094
8095
8116
8117
8118
8119
8120
8121
8122
8129
8130
8131
8132
8140
8141
8142
8143
8144
8145
8146
8147
8175
8176
8177
8178
8179
8180
8226
8227
8228
8229
8230
8231
8251
8252
8253
8254
8258
8259
8261
8262
8263
8264
8346
8347
8348
8349
8350
8352
8356
8357
8358
8359
8360
8361
8378
8379
8380
8381
8382
8383
8410
8411
8412
8413
8447
8448
8449
8450
8451
8452
8495
8496
8497
8498
8499
8532
8533
8535
8617
8618
8619
8620
8621
8622
8623
8627
8628
8629
8630
8631
8632
8634
8636
8637
8641
8642
8643
8644
8645
8661
8662
8663
8664
8712
8713
8714
8715
8732
8733
8734
8735
8736
8737
8744
8745
8746
8756
8757
8758
8775
8776
8777
8778
8780
8782
8783
8784
8785
8851
8852
8853
8854
8855
8856
8857
8868
8869
8871
8872
8873
8874
8887
8888
8889
8890
8891
8892
8894
8910
8911
8912
8913
8914
8915
8916
8969
8970
8971
8972
8973
9023
9024
9025
9026
9027
9031
9033
9035
9036
9037
9038
9039
9040
9068
9069
9070
9071
9072
9073
9089
9090
9091
9092
9093
9094
9095
9103
9104
9105
9106
9113
9114
9115
9116
9117
9121
9122
9123
9124
9125
9126
9127
9137
9138
9139
9140
9141
9165
9166
9167
9168
9169
9204
9205
9206
9208
9209
9210
9211
9241
9242
9243
9244
9245
9246
9247
9260
9261
9262
9263
9264
9265
9308
9309
9310
9311
9312
9313
9314
9315
9316
9317
9398
9399
9400
9401
9402
9403
9436
9437
9438
9439
9440
9445
9446
9447
9448
9449
9450
9451
9452
9453
9499
9500
9501
9511
9512
9513
9514
9515
9516
9517
9518
9519
9523
9524
9525
9526
9527
9528
9538
9539
9540
9541
9542
9543
9544
9560
9561
9562
9563
9564
9565
9578
9579
9580
9581
9582
9583
9584
9585
9586
9588
9589
9590
9591
9592
9593
9594
9608
9609
9610
9611
9612
9613
9614
9615
9616
9620
9621
9622
9623
9624
9635
9636
9637
9638
9640
9647
9648
9649
9650
9667
9668
9669
9670
9671
9672
9673
9674
9737
9738
9739
9740
9741
9742
9766
9767
9768
9769
9770
9780
9781
9782
9793
9794
9795
9796
9806
9807
9809
9810
9811
9812
9813
9814
9815
9816
9817
9818
9819
9820
9821
9822
9907
9908
9909
9910
9911
9912
9913
9914
9915
9916
9917
9918
9928
9929
9930
9931
9932
9933
9934
9935
9936
9946
9947
9948
9949
9950
9951
9955
9956
9957
9958
9972
9973
9974
9975
9976
9977
9978
9979
9980
9981
9982
9983
10069
10070
10071
10072
10093
10094
10095
10096
10097
10098
10108
10109
10110
10111
10124
10125
10126
10127
10128
10129
10131
10132
10153
10154
10155
10156
10157
10158
10162
10163
10164
10167
10178
10179
10180
10181
10182
10192
10193
10194
10195
10196
10197
10198
10258
10259
10260
10261
10262
10263
10286
10287
10288
10289
10290
10291
10292
10293
10294
10304
10305
10306
10307
10308
10309
10310
10327
10328
10329
10330
10332
10333
10340
10341
10342
10343
10402
10403
10404
10408
10409
10410
10411
10412
10416
10417
10418
10419
10420
10445
10446
10447
10448
10449
10450
10451
10452
10453
10496
10497
10498
10499
10500
10501
10502
10503
10504
10505
10506
10507
10508
10509
10510
10511
10596
10597
10598
10599
10600
10601
10602
10609
10610
10611
10612
10613
10614
10615
10684
10685
10686
10687
10688
10690
10691
10692
10693
10694
10695
10721
10722
10724
10725
10726
10727
10728
10729
10730
10731
10732
10733
10734
10738
10739
10740
10741
10742
10743
10744
10760
10761
10762
10763
10764
10780
10781
10782
10783
10784
10785
10822
10823
10824
10825
10826
10827
10859
10860
10861
10871
10872
10873
10874
10875
10876
10901
10902
10903
10904
10905
10907
10925
10926
10927
10928
10929
10933
10935
10938
10940
10941
10942
10962
10963
10964
10965
10966
10967
10996
10997
10998
10999
11000
11001
11002
11009
11010
11011
11012
11047
11048
11049
11050
11051
11052
11053
11054
11055
11056
11057
11058
11059
11060
11061
11092
11093
11094
11095
11096
11097
11163
11164
11165
11166
11167
11168
11169
11173
11174
11175
11179
11180
11181
11182
11183
11184
11185
11186
11190
11191
11192
11233
11234
11235
11236
11237
11238
11297
11298
11299
11300
11301
11318
11319
11320
11321
11322
11326
11327
11328
11329
11330
11331
11370
11371
11372
11373
11374
11378
11379
11380
11381
11382
11383
11426
11427
11428
11429
11430
11431
11458
11459
11460
11461
11462
11463
11511
11512
11513
11532
11533
11534
11535
11537
11538
11573
11574
11575
11577
11578
11579
11580
11585
11586
11587
11588
11589
11590
11594
11595
11596
11597
11598
11599
11600
11601
11602
11603
11604
11605
11606
11607
11608
11609
11610
11611
11612
11613
11614
11615
11633
11658
11659
11660
11661
11662
11663
11664
11665
11666
11667
11668
11669
11670
11683
11684
11685
11687
11688
11689
11690
11691
11692
11693
11694
11699
11700
11701
11705
11706
11707
11708
11709
11729
11731
11758
11759
11760
11761
11762
11763
11789
11790
11791
11792
11793
11794
11796
11797
11798
11799
11800
11801
11802
11803
11804
11806
11807
11808
11809
11810
11811
11812
11831
11832
11833
11865
11866
11867
11868
11869
11870
11874
11875
11876
11877
11878
11902
11903
11904
11928
11929
11930
11931
11957
11958
11959
11960
11961
11962
11966
11967
11968
11969
11970
11971
11984
11985
11986
11987
11988
11989
11990
12003
12004
12005
12006
12007
12008
12009
12010
12023
12024
12025
12032
12033
12034
12035
12048
12049
12050
12051
12052
12111
12112
12113
12114
12139
12140
12141
12142
12247
12249
12250
12252
12253
12254
12255
12267
12269
12282
12283
12284
12285
12286
12287
12294
12295
12296
12297
12298
12299
12300
12339
12343
12344
12345
12346
12347
12348
12437
12438
12439
12440
12441
12442
12443
12444
12445
12452
12453
12454
12455
12456
12463
12464
12465
12466
12467
12468
12487
12488
12489
12542
12543
12544
12566
12567
12568
12569
12570
12571
12573
12574
12575
12576
12577
12579
12580
12581
12582
12583
12584
12589
12590
12591
12637
12638
12639
12640
12663
12664
12665
12666
12667
12668
12669
12670
12698
12699
12700
12704
12705
12706
12707
12708
12709
12716
12717
12718
12880
12881
12882
12883
12893
12894
12895
12935
12936
12937
12965
12966
12967
12968
12972
12973
12974
12975
12976
12983
12984
12985
12986
12987
12988
12989
12990
12991
12992
13008
13009
13010
13012
13077
13078
13079
13080
13081
13082
13097
13098
13099
13100
13107
13108
13109
13110
13111
13112
13145
13146
13147
13148
13149
13150
13151
13152
13153
13154
13158
13159
13160
13161
13162
13164
13165
13166
13167
13168
13169
13170
13171
13194
13195
13196
13197
13198
13199
13200
13201
13202
13203
13204
13205
13206
13207
13208
13209
13210
13212
13213
13214
13215
13219
13220
13221
13222
13223
13225
13226
13246
13247
13248
13249
13250
13251
13252
13253
13254
13255
13256
13264
13265
13266
13267
13268
13269
13273
13274
13275
13276
13277
13278
13313
13314
13315
13316
13317
13325
13327
13328
13330
13331
13352
13353
13354
13355
13356
13367
13368
13369
13370
13371
13372
13373
13374
13375
13376
13378
13379
13380
13381
13382
13416
13417
13418
13419
13420
13421
13422
13423
13427
13428
13429
13430
13431
13432
13433
13434
13435
13436
13437
13438
13439
13440
13444
13445
13446
13447
13448
13458
13460
13461
13462
13463
13465
13472
13473
13475
13476
13556
13557
13558
13559
13569
13570
13571
13572
13573
13574
13575
13582
13583
13584
13585
13586
13587
13588
13589
13590
13591
13592
13593
13594
13595
13596
13617
13618
13658
13659
13660
13661
13662
13663
13664
13665
13666
13667
13668
13669
13670
13677
13678
13679
13692
13693
13694
13695
13696
13697
13698
13699
13700
13701
13702
13703
13704
13705
13706
13707
13723
13724
13725
13726
13727
13789
13790
13791
13792
13793
13794
13795
13796
13797
13798
13799
13800
13801
13802
13803
13804
13805
13806
13807
13808
13809
13810
13811
13812
13813
13814
13815
13841
13842
13843
13844
13845
13850
13852
13853
13855
13856
13857
13858
13859
13860
13861
13862
13863
13864
13865
13878
13879
13880
13881
13882
13883
13916
13917
13918
13919
13920
13927
13928
13929
13930
13931
13935
13936
13937
13938
13939
13940
13941
13952
13956
13957
13958
13959
13960
13961
13962
13963
13989
13990
13992
13993
13994
14066
14067
14068
14069
14070
14071
14072
14073
14106
14107
14108
14109
14110
14111
14137
14138
14139
14141
14142
14143
14144
14184
14185
14186
14187
14188
14189
14190
14194
14195
14196
14197
14198
14199
14200
14201
14202
14203
14204
14205
14206
14229
14230
14232
14233
14234
14235
14260
14261
14262
14263
14264
14265
14266
14276
14277
14278
14279
14280
14281
14282
14283
14284
14297
14298
14299
14300
14328
14329
14330
14331
14332
14333
14334
14335
14336
14353
14354
14356
14398
14399
14400
14401
14402
14403
14408
14413
14414
14418
14419
14420
14424
14425
14426
14427
14428
14441
14442
14443
14444
14445
14446
14448
14515
14516
14517
14518
14519
14520
14533
14534
14535
14536
14537
14538
14565
14588
14589
14590
14591
14592
14593
14594
14595
14596
14597
14607
14608
14609
14610
14611
14612
14613
14614
14615
14652
14653
14654
14703
14704
14705
14706
14707
14708
14709
14710
14711
14712
14713
14714
14722
14723
14724
14725
14726
14727
14740
14741
14742
14775
14841
14842
14843
14844
14845
14846
14847
14885
14886
14887
14888
14896
14897
14898
14943
14945
15008
15009
15010
15011
15012
15013
15014
15016
15017
15079
15080
15081
15094
15095
15097
15099
15124
15125
15126
15127
15128
15129
15139
15140
15141
15165
15166
15167
15168
15169
15170
15171
15172
15187
15188
15189
15225
15226
15227
15228
15229
15230
15231
15232
15233
15234
15235
15236
15237
15292
15293
15294
15295
15296
15297
15316
15317
15318
15319
15320
15321
15328
15329
15330
15331
15332
15333
15340
15341
15342
15361
15362
15365
15373
15374
15375
15376
15379
15453
15454
15455
15456
15457
15458
15459
15460
15461
15462
15464
15468
15469
15470
15471
15472
15473
15474
15475
15476
15477
15487
15488
15489
15495
15496
15497
15501
15502
15503
15504
15505
15506
15507
15508
15509
15510
15511
15512
15527
15528
15529
15530
15531
15532
15558
15559
15560
15561
15562
15563
15564
15571
15572
15573
15574
15578
15579
15580
15581
15641
15642
15643
15644
15645
15646
15647
15648
15649
15650
15694
15745
15746
15747
15748
15749
15750
15768
15769
15770
15771
15772
15773
15774
15775
15776
15809
15811
15812
15940
15941
15943
15944
15945
15946
15947
15948
15967
15968
15969
15970
15971
15978
15979
15980
15981
15982
15983
15984
15985
15987
15989
16052
16057
16063
16064
16065
16066
16067
16072
16073
16074
16075
16076
16077
16078
16079
16080
16081
16082
16135
16136
16137
16138
16142
16143
16144
16145
16146
16167
16168
16169
16170
16171
16172
16204
16205
16206
16207
16217
16218
16219
16325
16326
16327
16328
16329
16330
16331
16332
16333
16334
16335
16351
16352
16353
16354
16355
16370
16371
16372
16373
16374
16375
16398
16399
16400
16401
16403
16404
16407
16409
16410
16429
16430
16431
16432
16433
16434
16436
16437
16438
16439
16440
16445
16446
16447
16505
16507
16508
16509
16510
16512
16534
16535
16536
16577
16578
16579
16580
16581
16582
16583
16600
16601
16602
16603
16604
16614
16615
16616
16617
16618
16619
16620
16651
16652
16653
16654
16655
16702
16703
16704
16705
16706
16707
16708
16709
16710
16711
16712
16777
16778
16779
16780
16782
16786
16787
16788
16789
16790
16803
16804
16805
16806
16831
16832
16833
16834
16847
16848
16849
16878
16879
16880
16881
16882
16883
16887
16888
16889
16890
16891
16892
16893
16894
16895
16896
16897
16898
16902
16903
16904
16905
16925
16940
16941
16942
16943
16944
16945
16946
16947
16948
16949
16950
16951
16952
16953
16963
16964
16965
16966
16967
16968
16975
16976
16977
16978
16979
16980
16981
16996
16997
16998
16999
17000
17022
17023
17024
17025
17032
17033
17034
17035
17048
17049
17050
17051
17063
17064
17065
17066
17067
17068
17069
17070
17071
17078
17079
17080
17093
17094
17095
17096
17097
17098
17099
17100
17101
17102
17145
17146
17147
17175
17176
17177
17178
17179
17180
17194
17195
17196
17197
17198
17199
17200
17201
17202
17203
17204
17205
17206
17207
17208
17209
17218
17219
17220
17221
17222
17223
17236
17237
17238
17239
17240
17241
17245
17246
17247
17248
17249
17250
17251
17252
17253
17254
17255
17305
17306
17307
17308
17309
17310
17311
17313
17314
17318
17320
17321
17322
17323
17324
17325
17326
17327
17328
17332
17333
17334
17335
17336
17366
17367
17368
17369
17370
17371
17375
17376
17377
17378
17379
17380
17381
17382
17383
17384
17385
17429
17430
17431
17432
17433
17434
17435
17436
17437
17438
17439
17440
17441
17442
17443
17448
17449
17450
17451
17452
17453
17454
17455
17456
17457
17458
17459
17460
17461
17462
17463
17488
17489
17490
17491
17492
17511
17512
17513
17514
17515
17522
17523
17524
17540
17541
17542
17543
17545
17612
17613
17614
17615
17616
17617
17618
17619
17620
17621
17622
17623
17633
17634
17635
17636
17637
17639
17640
17641
17642
17643
17644
17645
17646
17705
17706
17707
17708
17709
17710
17711
17712
17713
17714
17736
17738
17739
17740
17742
17743
17744
17813
17814
17815
17816
17817
17818
17819
17820
17821
17825
17826
17827
17828
17869
17870
17871
17872
17873
17874
17881
17882
17883
17884
17891
17892
17893
17894
17898
17899
17900
17901
17905
17906
17907
17908
17909
17910
17911
17943
17944
17945
17946
17979
17981
17982
17983
17984
17985
17986
17987
18009
18010
18011
18012
18013
18014
18039
18040
18041
18042
18057
18058
18059
18060
18061
18062
18108
18109
18110
18111
18112
18149
18150
18151
18152
18153
18154
18248
18249
18250
18251
18252
18253
18258
18259
18260
18261
18262
18263
18264
18271
18272
18273
18274
18275
18276
18318
18319
18320
18328
18329
18330
18331
18332
18333
18334
18371
18372
18373
18374
18375
18376
18377
18378
18379
18380
18382
18384
18392
18393
18394
18395
18396
18397
18404
18405
18406
18419
18420
18421
18422
18423
18453
18454
18455
18559
18560
18561
18562
18563
18564
18565
18566
18567
18568
18569
18570
18571
18572
18573
18574
18575
18597
18598
18599
18600
18601
18602
18603
18604
18605
18606
18635
18636
18637
18638
18639
18640
18693
18694
18695
18696
18697
18698
18699
18700
18701
18702
18703
18704
18705
18706
18725
18726
18728
18729
18730
18731
18732
18733
18734
18735
18736
18737
18738
18739
18740
18751
18752
18753
18754
18791
18792
18793
18794
18795
18796
18798
18799
18800
18801
18802
18803
18864
18865
18866
18867
18868
18869
18920
18921
18922
18923
18924
18954
18955
18956
19026
19027
19028
19029
19030
19031
19032
19033
19034
19062
19064
19065
19107
19108
19109
19110
19114
19115
19116
19117
19118
19119
19120
19121
19122
19123
19124
19125
19126
19127
19128
19136
19137
19165
19166
19167
19168
19169
19170
19171
19175
19176
19177
19178
19179
19180
19181
19182
19183
19184
19185
19186
19187
19191
19192
19193
19194
19195
19196
19197
19249
19250
19251
19252
19253
19287
19288
19289
19290
19291
19316
19318
19319
19320
19322
19339
19340
19341
19342
19349
19350
19351
19352
19353
19354
19385
19386
19387
19388
19389
19390
19410
19411
19412
19487
19488
19489
19496
19497
19498
19499
19500
19501
19502
19503
19539
19540
19541
19542
19543
19544
19546
19547
19548
19549
19550
19551
19552
19562
19563
19564
19565
19569
19570
19571
19572
19573
19583
19584
19585
19586
19587
19588
19589
19590
19591
19592
19593
19594
19595
19596
19664
19665
19666
19667
19668
19669
19670
19671
19672
19673
19683
19684
19685
19686
19687
19688
19701
19702
19703
19704
19705
19788
19789
19790
19791
19792
19793
19794
19795
19796
19797
19798
19799
19800
19801
19802
19803
19804
19831
19832
19833
19834
19835
19836
19861
19862
19864
19865
19867
19869
19870
19871
19872
19873
19874
19875
19876
19877
19878
19879
19880
19881
19882
19908
19910
19912
19913
19914
20004
20005
20006
20019
20020
20021
20128
20129
20130
20131
20132
20133
20134
20185
20186
20188
20189
20190
20191
20192
20193
20194
20204
20205
20206
20207
20208
20209
20210
20211
20212
20213
20214
20221
20222
20223
20230
20231
20232
20233
20234
20235
20236
20237
20291
20292
20293
20294
20295
20296
20297
20298
20347
20374
20375
20376
20377
20384
20385
20387
20388
20389
20390
20403
20405
20406
20407
20408
20415
20416
20417
20418
20419
20420
20421
20442
20445
20446
20447
20451
20452
20453
20454
20455
20456
20460
20461
20462
20463
20478
20479
20481
20482
20483
20549
20550
20551
20582
20583
20584
20585
20586
20599
20600
20601
20602
20621
20622
20623
20624
20625
20641
20642
20643
20644
20645
20646
20768
20769
20770
20771
20772
20773
20788
20789
20790
20791
20792
20793
20794
20795
20796
20797
20798
20802
20803
20804
20808
20809
20810
20811
20824
20825
20826
20827
20828
20829
20830
20831
20835
20836
20837
20838
20839
20840
20847
20848
20849
20870
20871
20872
20873
20874
20875
20876
20883
20884
20885
20935
20936
20937
20961
20962
20963
20964
20965
20966
20967
20968
20969
20970
20993
20994
20995
20996
20997
20998
21037
21038
21039
21040
21041
21045
21046
21047
21048
21049
21050
21051
21052
21053
21080
21081
21082
21083
21084
21085
21086
21087
21088
21089
21090
21091
21092
21124
21125
21126
21127
21128
21129
21130
21131
21132
21133
21134
21135
21136
21137
21234
21235
21236
21237
21238
21269
21270
21271
21273
21274
21275
21276
21277
21278
21279
21280
21281
21318
21319
21320
21321
21322
21323
21324
21334
21335
21336
21392
21393
21394
21395
21396
21400
21401
21402
21403
21441
21442
21443
21445
21446
21447
21472
21473
21474
21475
21479
21480
21481
21482
21483
21561
21562
21563
21564
21565
21566
21576
21577
21578
21579
21617
21618
21619
21621
21622
21623
21624
21625
21649
21650
21652
21653
21655
21656
21666
21667
21668
21698
21699
21700
21701
21702
21703
21769
21770
21773
21774
21776
21778
21779
21791
21792
21793
21794
21795
21823
21824
21825
21826
21827
21828
21829
21830
21832
21872
21873
21874
21875
21876
21877
21878
21879
21881
21882
21883
21884
21885
21886
21887
21888
21889
21890
21891
21892
21893
21894
21919
21920
21921
21922
21926
21927
21928
21929
21930
21931
22089
22090
22092
22093
22094
22095
22148
22149
22150
22151
22152
22153
22154
22155
22174
22175
22177
22178
22180
22181
22229
22230
22231
22232
22234
22235
22267
22268
22269
22270
22283
22284
22286
22287
22315
22316
22317
22318
22319
22320
22321
22358
22359
22360
22384
22391
22397
22398
22399
22400
22402
22403
22404
22406
22450
22451
22452
22453
22454
22565
22566
22567
22568
22581
22582
22583
22584
22585
22607
22608
22609
22611
22612
22613
22614
22615
22659
22660
22661
22662
22690
22691
22692
22693
22706
22707
22708
22746
22747
22748
22749
22750
22751
22774
22775
22776
22777
22816
22817
22818
22819
22820
22821
22822
22824
22825
22826
22827
22828
22829
22830
22831
22832
22833
22834
22835
22842
22843
22844
22845
22846
22847
22848
22849
22850
22851
22852
22853
22870
22871
22872
22873
22883
22884
22885
22886
22887
22888
22903
22962
22963
22964
22965
22970
22971
22972
22973
22974
23018
23019
23020
23021
23022
23032
23033
23034
23035
23036
23037
23047
23048
23049
23050
23051
23052
23152
23153
23154
23191
23192
23193
23194
23195
23196
23197
23198
23211
23212
23213
23214
23227
23228
23229
23230
23231
23232
23236
23237
23238
23240
23332
23333
23334
23335
23336
23337
23395
23396
23397
23398
23399
23445
23446
23448
23449
23450
23451
23452
23454
23456
23469
23470
23471
23472
23523
23524
23525
23526
23530
23531
23532
23533
23534
23535
23536
23537
23538
23539
23540
23541
23544
23579
23580
23581
23582
23583
23584
23597
23598
23599
23600
23601
23602
23603
23604
23605
23606
23607
23608
23609
23610
23619
23620
23621
23622
23623
23624
23625
23720
23768
23769
23770
23771
23772
23773
23817
23818
23819
23820
23821
23822
23823
23825
23836
23837
23838
23839
23924
23925
23927
23928
23929
23930
23931
23932
23933
23934
23974
23975
23976
23980
23981
23982
23983
23984
23985
23986
23990
23991
23992
23993
23994
23995
23996
23997
23998
23999
24003
24004
24005
24006
24007
24008
24009
24079
24080
24081
24082
24083
24084
24085
24086
24087
24088
24126
24127
24128
24138
24139
24140
24141
24148
24149
24150
24198
24199
24200
24201
24202
24203
24204
24281
24282
24284
24285
24286
24287
24396
24398
24399
24400
24401
24402
24412
24413
24414
24418
24423
24443
24444
24445
24458
24459
24460
24461
24462
24463
24464
24512
24513
24550
24551
24552
24553
24554
24555
24559
24560
24561
24562
24563
24564
24580
24581
24582
24583
24584
24588
24589
24590
24591
24592
24593
24594
24595
24597
24598
24599
24609
24610
24611
24612
24613
24614
24615
24636
24637
24638
24639
24640
24641
24642
24643
24644
24645
24695
24696
24697
24698
24699
24700
24701
24702
24703
24706
24729
24730
24731
24732
24734
24738
24739
24740
24741
24742
24743
24744
24745
24746
24747
24748
24755
24756
24757
24761
24762
24763
24764
24765
24775
24776
24777
24778
24779
24780
24790
24791
24792
24793
24794
24795
24797
24801
24802
24803
24804
24805
24806
24829
24835
24836
24837
24838
24839
24840
24841
24842
24843
24844
24851
24852
24853
24854
24855
24885
24886
24888
24889
24890
24891
24922
24923
24924
24925
24982
24983
24984
24985
24998
24999
25001
25002
25003
25004
25005
25006
25051
25052
25053
25057
25058
25059
25060
25061
25110
25111
25112
25113
25114
25115
25116
25117
25118
25119
25120
25121
25122
25123
25124
25125
25156
25157
25158
25159
25160
25161
25217
25219
25220
25221
25222
25226
25227
25228
25229
25230
25276
25277
25278
25279
25280
25281
25333
25334
25335
25336
25340
25341
25342
25343
25344
25357
25358
25359
25360
25361
25362
25384
25385
25386
25387
25388
25389
25390
25391
25414
25415
25416
25417
25418
25448
25449
25450
25451
25452
25453
25454
25455
25480
25481
25482
25484
25485
25487
25488
25489
25490
25494
25495
25496
25497
25498
25575
25576
25577
25578
25583
25608
25609
25610
25623
25624
25625
25626
25627
25628
25629
25630
25631
25641
25642
25643
25665
25666
25667
25668
25669
25670
25671
25672
25682
25683
25684
25685
25686
25687
25718
25719
25720
25722
25742
25752
25753
25754
25755
25756
25757
25758
25792
25793
25794
25795
25796
25800
25801
25802
25803
25804
25805
25806
25811
25812
25813
25817
25818
25819
25835
25836
25837
25838
25839
25840
25841
25842
25843
25844
25845
25846
25847
25857
25858
25859
25860
25861
25862
25863
25864
25874
25875
25876
25877
25878
25900
25901
25902
25903
25904
25905
25906
25934
25935
25936
25937
25938
25939
25973
25975
25976
25977
26001
26002
26003
26004
26005
26006
26007
26035
26036
26037
26038
26039
26040
26041
26042
26073
26074
26075
26076
26077
26078
26085
26086
26087
26088
26089
26090
26091
26092
26093
26112
26113
26114
26115
26117
26118
26119
26120
26121
26126
26127
26128
26130
26131
26138
26139
26140
26141
26251
26252
26253
26254
26256
26263
26264
26265
26269
26270
26271
26272
26273
26274
26275
26295
26296
26299
26300
26301
26302
26303
26313
26314
26315
26316
26317
26318
26319
26320
26321
26322
26341
26342
26343
26344
26345
26346
26347
26352
26353
26354
26355
26356
26464
26505
26506
26507
26508
26553
26554
26555
26556
26557
26585
26586
26587
26588
26589
26590
26607
26608
26609
26610
26611
26612
26613
26614
26615
26616
26617
26627
26628
26629
26630
26631
26638
26639
26640
26641
26642
26643
26644
26645
26646
26694
26695
26696
26697
26698
26699
26781
26782
26783
26784
26785
26786
26796
26797
26798
26799
26800
26801
26802
26803
26804
26832
26833
26834
26835
26836
26837
26838
26839
26840
26841
26848
26849
26850
26851
26852
26892
26893
26894
26895
26896
26932
26933
26934
26964
26965
26966
26967
26968
26969
26972
26973
26987
26988
26989
26990
26991
27051
27052
27053
27054
27055
27056
27057
27064
27065
27066
27067
27068
27072
27073
27074
27075
27076
27077
27087
27088
27089
27090
27091
27110
27111
27112
27113
27114
27115
27166
27167
27168
27169
27170
27171
27172
27173
27180
27181
27182
27183
27184
27185
27186
27199
27200
27201
27202
27203
27204
27220
27221
27222
27226
27227
27228
27247
27248
27249
27250
27257
27258
27259
27260
27261
27262
27263
27264
27265
27266
27267
27333
27373
27374
27375
27376
27377
27378
27379
27380
27387
27388
27389
27391
27392
27393
27394
27395
27396
27397
27480
27481
27482
27483
27484
27485
27486
27487
27488
27489
27490
27494
27496
27497
27498
27499
27500
27501
27502
27503
27513
27514
27515
27516
27529
27530
27531
27532
27533
27534
27535
27536
27537
27538
27539
27540
27553
27554
27555
27556
27557
27558
27559
27560
27561
27562
27563
27564
27565
27566
27634
27635
27636
27637
27638
27639
27640
27641
27642
27643
27644
27645
27646
27647
27648
27649
27650
27651
27652
27659
27660
27662
27663
27664
27665
27666
27686
27687
27688
27689
27690
27691
27695
27696
27697
27698
27699
27718
27719
27720
27721
27722
27723
27724
27725
27764
27765
27766
27767
27768
27770
27772
27773
27774
27775
27776
27777
27778
27779
27780
27781
27782
27783
27796
27797
27798
27799
27825
27826
27827
27841
27842
27843
27844
27845
27846
27847
27848
27849
27850
27851
27852
27869
27870
27872
27873
27875
27876
27877
27894
27895
27896
27897
27898
27899
27957
27958
27959
27963
27964
27965
27987
27988
27989
27990
27991
27992
28038
28039
28040
28041
28042
28043
28053
28054
28055
28056
28057
28067
28068
28069
28070
28071
28072
28119
28120
28121
28122
28123
28124
28125
28126
28130
28131
28132
28133
28235
28236
28237
28238
28239
28240
28242
28243
28247
28248
28251
28252
28253
28254
28277
28278
28279
28280
28281
28282
28283
28284
28285
28286
28287
28288
28289
28290
28291
28292
28299
28300
28301
28305
28306
28307
28308
28309
28390
28391
28392
28416
28417
28418
28419
28420
28421
28422
28471
28472
28473
28474
28475
28476
28477
28478
28479
28511
28512
28513
28514
28515
28536
28537
28538
28539
28540
28541
28542
28543
28544
28545
28607
28608
28609
28610
28611
28679
28680
28681
28682
28683
28732
28733
28734
28744
28745
28746
28801
28802
28803
28804
28805
28806
28816
28817
28818
28819
28820
28821
28825
28826
28827
28828
28829
28830
28831
28832
28833
28834
28850
28851
28852
28856
28857
28859
28860
28864
28865
28866
28867
28868
28869
28870
28898
28899
28900
28936
28937
28938
28939
28940
28941
28973
28974
28975
29001
29002
29003
29011
29019
29020
29021
29022
29023
29024
29025
29026
29027
29028
29029
29030
29031
29032
29035
29036
29037
29038
29040
29041
29094
29095
29096
29097
29098
29099
29118
29119
29120
29121
29122
29123
29124
29125
29126
29127
29128
29132
29133
29135
29136
29137
29138
29139
29140
29141
29142
29143
29144
29148
29149
29150
29151
29199
29200
29201
29202
29203
29204
29205
29243
29244
29245
29246
29247
29248
29249
29250
29251
29252
29253
29254
29255
29256
29257
29258
29259
29260
29284
29285
29286
29287
29288
29289
29296
29297
29298
29299
29300
29331
29332
29333
29334
29335
29336
29337
29338
29342
29343
29344
29435
29436
29437
29438
29439
29440
29441
29460
29461
29462
29466
29467
29468
29469
29470
29471
29472
29473
29477
29478
29479
29480
29481
29482
29502
29503
29504
29505
29506
29510
29511
29512
29513
29524
29525
29526
29527
29528
29529
29530
29549
29550
29551
29552
29553
29554
29555
29556
29557
29558
29559
29560
29561
29562
29566
29567
29568
29569
29570
29594
29595
29596
29713
29714
29715
29777
29778
29779
29780
29781
29782
29815
29816
29817
29818
29819
29820
29821
29822
29823
29824
29825
29832
29833
29834
29835
29836
29837
29838
29869
29870
29871
29872
29873
29874
29915
29916
29917
29918
29919
29943
29944
29945
29967
29968
29969
29970
29971
30064
30065
30066
30067
30069
30070
30071
30078
30079
30080
30081
30082
30109
30110
30111
30112
30148
30149
30150
30151
30152
30153
30154
30155
30156
30157
30158
30188
30189
30190
30191
30192
30193
30194
30195
30196
30224
30225
30226
30227
30228
30229
30230
30231
30232
30245
30246
30247
30248
30249
30250
30251
30252
30253
30263
30264
30265
30266
30267
30268
30269
30270
30338
30340
30341
30342
30343
30344
30345
30346
30347
30361
30362
30363
30364
30365
30366
30367
30368
30369
30370
30371
30372
30409
30412
30413
30414
30415
30416
30417
30421
30422
30423
30424
30425
30426
30427
30428
30429
30430
30431
30432
30439
30440
30441
30475
30476
30477
30478
30479
30480
30481
30486
30487
30488
30489
30507
30508
30509
30510
30511
30512
30533
30534
30535
30536
30540
30541
30542
30543
30576
30577
30578
30579
30580
30620
30621
30622
30623
30624
30625
30626
30627
30628
30629
30630
30637
30638
30639
30640
30645
30646
30647
30648
30649
30650
30651
30652
30653
30657
30658
30659
30660
30664
30665
30666
30667
30668
30669
30670
30671
30706
30707
30708
30709
30710
30711
30712
30713
30714
30715
30716
30717
30718
30719
30720
30721
30725
30726
30727
30728
30729
30730
30764
30765
30766
30767
30768
30769
30827
30828
30829
30830
30831
30832
30833
30845
30846
30847
30848
30875
30876
30877
30878
30880
30882
30883
30885
30886
30887
30888
30923
30924
30925
30926
30927
30928
30929
30930
30931
30932
30933
31005
31006
31007
31008
31009
31010
31032
31033
31034
31036
31037
31038
31057
31058
31060
31061
31062
31063
31071
31072
31073
31074
31075
31076
31078
31080
31084
31085
31086
31087
31088
31089
31090
31091
31092
31093
31094
31095
31096
31097
31101
31102
31103
31104
31105
31131
31132
31133
31134
31135
31136
31155
31156
31157
31158
31159
31161
31162
31163
31164
31165
31166
31167
31169
31170
31171
31172
31173
31174
31175
31176
31177
31178
31179
31180
31181
31182
31183
31184
31188
31189
31190
31228
31229
31230
31231
31232
31233
31240
31241
31242
31243
31244
31276
31277
31278
31279
31280
31314
31315
31316
31317
31318
31319
31332
31333
31334
31335
31348
31349
31350
31351
31358
31360
31382
31383
31384
31385
31386
31387
31388
31389
31390
31409
31410
31411
31412
31413
31414
31415
31416
31417
31418
31428
31429
31430
31431
31432
31434
31435
31463
31464
31465
31466
31467
31468
31525
31526
31527
31528
31557
31558
31559
31560
31561
31562
31563
31585
31586
31587
31597
31598
31599
31600
31601
31619
31620
31621
31622
31623
31624
31631
31632
31633
31634
31635
31636
31637
31638
31639
31640
31641
31642
31643
31644
31645
31662
31663
31664
31665
31666
31668
31706
31707
31708
31710
31711
31712
31713
31714
31715
31716
31746
31748
31749
31750
31752
31754
31755
31801
31802
31803
31804
31805
31806
31807
31808
31856
31857
31858
31859
31860
31861
31862
31863
31864
31865
31866
31907
31908
31909
31910
31947
31948
31949
31950
31954
31955
31956
31957
31958
31968
31969
31970
31971
31972
31973
32020
32021
32022
32023
32024
32034
32035
32036
32037
32038
32039
32040
32054
32055
32056
32057
32058
32060
32061
32062
32063
32064
32132
32133
32134
32135
32136
32137
32138
32169
32170
32171
32172
32173
32174
32175
32177
32178
32179
32184
32185
32186
32187
32188
32213
32214
32215
32216
32217
32218
32219
32220
32221
32222
32224
32225
32226
32227
32237
32238
32239
32240
32241
32242
32275
32276
32277
32278
32279
32286
32287
32288
32289
32311
32312
32313
32314
32327
32328
32329
32330
32332
32333
32334
32350
32351
32352
32353
32354
32355
32365
32367
32368
32369
32401
32402
32404
32405
32406
32407
32408
32409
32413
32414
32415
32419
32420
32421
32437
32438
32439
32440
32441
32442
32447
32448
32449
32450
32451
32484
32485
32486
32487
32488
32489
32490
32522
32526
32527
32528
32529
32562
32563
32564
32578
32580
32581
32582
32598
32599
32601
32602
32678
32679
32680
32705
32706
32707
32708
32709
32710
32711
32712
32713
32714
32715
32716
32717
32718
32719
32732
32733
32734
32741
32742
32743
32744
32745
32752
32753
32754
32755
32768
32769
32770
32771
32772
32773
32774
32775
32776
32777
32792
32793
32794
32795
32796
32797
32812
32813
32826
32835
32836
32837
32838
32839
32840
32841
32842
32843
32844
32845
32889
32890
32891
32895
32896
32897
32898
32899
32900
32922
32923
32924
32925
32926
32927
32928
32939
32940
32941
32942
32952
32953
32954
32955
32956
32957
32958
32959
32960
32961
32962
32963
32964
32976
32978
32979
32980
33020
33021
33022
33023
33035
33037
33038
33039
33040
33041
33042
33043
33044
33045
33046
33103
33104
33105
33106
33107
33108
33109
33110
33111
33112
33113
33114
33126
33127
33128
33129
33130
33131
33132
33133
33134
33135
33136
33137
33138
33139
33154
33155
33156
33164
33165
33166
33167
33168
33169
33170
33171
33172
33173
33175
33176
33177
33178
33179
33180
33181
33182
33183
33184
33185
33186
33187
33188
33189
33201
33202
33203
33204
33208
33209
33210
33211
33212
33213
33235
33236
33237
33238
33239
33240
33285
33286
33287
33288
33289
33305
33306
33307
33308
33309
33335
33336
33337
33338
33339
33340
33341
33392
33393
33394
33395
33396
33397
33407
33409
33410
33411
33412
33413
33414
33415
33485
33486
33487
33488
33489
33490
33508
33509
33511
33512
33513
33514
33515
33553
33554
33555
33556
33557
33570
33571
33572
33573
33574
33578
33579
33580
33581
33594
33595
33596
33599
33600
33601
33602
33603
33613
33614
33615
33616
33617
33621
33622
33623
33624
33654
33655
33656
33660
33661
33662
33663
33664
33686
33687
33688
33689
33690
33691
33692
33693
33694
33695
33696
33749
33750
33751
33766
33767
33768
33769
33770
33858
33859
33860
33861
33869
33870
33871
33880
33881
33882
33883
33884
33885
33886
33888
33889
33901
33902
33903
33904
33929
33930
33931
33932
33933
33974
33975
33976
33977
33978
33979
34004
34005
34006
34007
34059
34061
34062
34063
34064
34065
34066
34122
34123
34124
34125
34126
34127
34128
34147
34148
34149
34150
34151
34152
34153
34154
34155
34162
34163
34164
34199
34200
34201
34202
34235
34236
34237
34253
34254
34255
34256
34257
34272
34273
34274
34275
34276
34277
34278
34279
34280
34284
34285
34286
34287
34288
34289
34290
34291
34292
34293
34294
34295
34312
34313
34314
34315
34316
34320
34321
34322
34323
34324
34325
34329
34330
34331
34332
34333
34334
34335
34336
34337
34338
34348
34351
34352
34360
34361
34362
34363
34364
34368
34369
34370
34371
34372
34373
34426
34427
34428
34446
34447
34448
34449
34450
34451
34452
34453
34454
34455
34456
34457
34464
34465
34466
34467
34548
34549
34551
34552
34553
34554
34555
34559
34560
34561
34562
34563
34564
34634
34635
34636
34637
34686
34687
34688
34698
34699
34700
34701
34702
34703
34704
34705
34706
34726
34727
34728
34747
34748
34749
34750
34751
34752
34753
34790
34791
34792
34793
34794
34795
34796
34797
34798
34814
34815
34816
34817
34818
34819
34880
34881
34882
34883
34884
34885
34916
34917
34918
34919
34920
34921
34922
34924
34936
34937
34938
34939
34940
34953
34954
34955
34956
34957
34961
34962
34963
34964
34965
34966
34979
34980
34981
34982
34983
34989
34990
34991
34992
34993
34994
34995
34996
34997
35061
35062
35063
35064
35065
35066
35074
35075
35076
35077
35078
35100
35101
35102
35103
35104
35105
35150
35152
35153
35155
35156
35157
35159
35178
35179
35180
35182
35183
35184
35185
35219
35220
35221
35222
35242
35244
35245
35246
35266
35267
35268
35269
35289
35290
35291
35292
35293
35297
35298
35299
35300
35301
35302
35309
35310
35311
35312
35313
35314
35315
35340
35341
35342
35343
35344
35345
35402
35403
35404
35405
35406
35407
35408
35409
35410
35426
35427
35428
35429
35430
35431
35432
35433
35446
35447
35448
35484
35485
35486
35487
35488
35489
35490
35491
35492
35505
35506
35507
35508
35515
35516
35517
35518
35519
35520
35521
35523
35524
35525
35526
35528
35529
35530
35531
35532
35533
35552
35553
35554
35555
35556
35557
35571
35572
35573
35574
35575
35577
35578
35582
35583
35584
35585
35589
35593
35594
35595
35596
35597
35598
35599
35600
35601
35602
35603
35604
35605
35657
35658
35659
35660
35664
35665
35666
35667
35668
35669
35696
35698
35699
35701
35702
35703
35704
35705
35706
35707
35727
35728
35729
35730
35748
35749
35750
35752
35753
35755
35756
35757
35758
35759
35760
35761
35762
35763
35805
35806
35807
35808
35809
35873
35874
35875
35876
35877
35878
35879
35880
35881
35888
35889
35890
35891
35892
35945
35946
35947
35948
35949
35950
35951
35952
35953
35954
35955
35956
35960
35961
35962
35963
36040
36041
36042
36043
36044
36064
36145
36147
36164
36165
36166
36167
36168
36169
36199
36200
36201
36202
36203
36204
36205
36214
36215
36216
36223
36224
36225
36226
36227
36231
36232
36233
36234
36235
36299
36300
36301
36302
36303
36304
36305
36306
36307
36308
36309
36310
36459
36460
36461
36462
36500
36501
36502
36503
36504
36505
36506
36507
36562
36563
36565
36568
36569
36573
36574
36575
36576
36577
36578
36588
36589
36590
36591
36592
36593
36594
36623
36624
36625
36626
36627
36702
36707
36744
36778
36779
36780
36781
36782
36783
36793
36794
36795
36799
36800
36802
36804
36805
36874
36875
36876
36910
36911
36912
36913
36914
36915
36916
36917
36918
36919
36920
36921
36922
36929
36930
36931
36932
36933
36970
36971
36972
36973
36974
36975
36976
36980
36981
36982
36983
36984
36985
36986
36987
36988
36989
37048
37049
37050
37051
37052
37134
37135
37136
37176
37177
37178
37179
37180
37181
37200
37201
37202
37203
37204
37205
37206
37207
37208
37209
37210
37211
37212
37213
37214
37215
37222
37224
37225
37226
37227
37228
37229
37230
37231
37290
37291
37292
37293
37294
37295
37296
37297
37396
37397
37398
37408
37409
37410
37411
37412
37416
37417
37418
37419
37420
37421
37422
37423
37424
37425
37426
37427
37428
37429
37433
37434
37435
37455
37456
37457
37458
37483
37508
37509
37510
37511
37512
37513
37514
37564
37565
37566
37567
37568
37569
37626
37627
37628
37629
37630
37632
37633
37634
37635
37650
37651
37652
37653
37654
37655
37656
37657
37658
37659
37660
37661
37662
37663
37664
37668
37669
37670
37728
37729
37730
37731
37732
37739
37740
37741
37745
37746
37747
37748
37749
37750
37784
37785
37786
37787
37788
37791
37798
37800
37801
37820
37822
37824
37825
37829
37830
37831
37832
37833
37834
37835
37836
37837
37838
37839
37840
37862
37863
37864
37868
37869
37870
37871
37872
37873
37875
37876
37878
37912
37913
37914
37915
37916
37917
37918
37919
37920
37964
37965
37966
37967
37968
37969
37985
37986
37987
37988
37989
37990
37991
37992
37993
37994
37995
37997
38013
38014
38015
38016
38017
38018
38022
38023
38024
38025
38026
38048
38049
38050
38051
38052
38053
38054
38055
38056
38057
38079
38080
38081
38082
38083
38084
38091
38092
38093
38094
38095
38096
38097
38098
38145
38146
38147
38148
38172
38173
38174
38175
38176
38177
38181
38182
38183
38202
38203
38205
38206
38207
38208
38209
38309
38310
38311
38312
38313
38346
38347
38348
38349
38369
38370
38371
38372
38373
38374
38463
38464
38465
38466
38467
38468
38525
38526
38527
38528
38529
38530
38531
38533
38564
38565
38566
38567
38568
38569
38570
38571
38572
38573
38574
38575
38576
38577
38578
38579
38583
38584
38585
38618
38619
38620
38621
38622
38632
38633
38634
38635
38636
38637
38638
38654
38655
38656
38657
38658
38659
38660
38661
38662
38663
38664
38665
38666
38667
38668
38669
38670
38703
38704
38705
38706
38707
38708
38709
38710
38711
38712
38713
38714
38715
38716
38717
38768
38769
38770
38771
38772
38773
38774
38775
38776
38835
38836
38839
38840
38841
38842
38843
38894
38895
38896
38897
38898
38899
38900
38901
38902
38903
38922
38923
38925
38926
38927
38928
38929
38930
38943
38944
38945
38946
38956
38957
38958
38960
38971
38972
38973
38998
38999
39000
39001
39002
39003
39004
39005
39006
39007
39008
39009
39010
39011
39012
39013
39014
39015
39016
39017
39018
39019
39020
39021
39022
39023
39024
39025
39026
39027
39028
39029
39042
39043
39046
39051
39052
39053
39054
39055
39060
39061
39065
39103
39104
39105
39106
39107
39108
39109
39110
39111
39112
39113
39126
39127
39128
39129
39130
39131
39132
39133
39134
39138
39139
39140
39141
39142
39143
39144
39145
39146
39147
39148
39149
39150
39178
39179
39180
39181
39182
39184
39185
39186
39187
39188
39189
39190
39192
39193
39194
39195
39196
39197
39198
39199
39201
39217
39218
39219
39220
39221
39222
39223
39227
39228
39229
39242
39243
39244
39245
39246
39247
39248
39299
39300
39303
39305
39306
39307
39308
39309
39310
39311
39312
39316
39317
39318
39319
39320
39325
39326
39327
39329
39330
39331
39332
39333
39334
39335
39340
39341
39342
39343
39344
39345
39346
39347
39348
39349
39350
39351
39352
39353
39354
39355
39356
39357
39358
39359
39360
39361
39362
39363
39364
39427
39428
39429
39430
39431
39432
39464
39465
39466
39467
39468
39469
39543
39544
39545
39546
39547
39548
39570
39571
39572
39573
39577
39578
39590
39591
39592
39593
39594
39595
39606
39607
39608
39609
39610
39611
39715
39716
39717
39718
39719
39720
39721
39722
39723
39724
39726
39727
39728
39729
39758
39759
39760
39761
39762
39763
39782
39783
39784
39785
39786
39787
39815
39816
39817
39818
39819
39822
39823
39824
39825
39826
39827
39828
39829
39830
39831
39838
39840
39851
39852
39853
39854
39925
39926
39927
39928
39960
39961
39962
39963
39964
39965
39978
39981
39982
39983
39984
39988
39989
39990
39991
39992
39993
39994
39995
39996
40038
40039
40040
40041
40063
40064
40065
40066
40067
40068
40069
40100
40103
40104
40106
40107
40117
40118
40119
40123
40124
40125
40126
40127
40128
40138
40139
40140
40150
40152
40153
40175
40176
40177
40178
40179
40180
40181
40182
40212
40213
40214
40215
40216
40217
40233
40234
40235
40249
40250
40251
40252
40253
40254
40255
40256
40257
40258
40259
40260
40261
40262
40263
40270
40271
40272
40282
40283
40284
40285
40286
40287
40288
40289
40290
40291
40307
40308
40309
40422
40423
40425
40426
40427
40428
40429
40430
40431
40432
40452
40453
40454
40458
40459
40460
40461
40462
40463
40464
40465
40466
40474
40475
40476
40477
40478
40479
40480
40481
40482
40483
40502
40503
40504
40505
40534
40535
40536
40537
40538
40539
40540
40541
40542
40561
40562
40563
40564
40566
40567
40568
40569
40570
40571
40572
40619
40620
40621
40622
40623
40624
40625
40626
40627
40654
40655
40656
40657
40658
40668
40669
40671
40672
40673
40674
40731
40732
40733
40734
40735
40748
40749
40750
40751
40752
40753
40792
40793
40794
40795
40796
40800
40801
40802
40803
40814
40815
40816
40817
40818
40819
40854
40855
40857
40858
40859
40882
40883
40884
40885
40886
40887
40959
40960
40961
40965
40981
40982
40983
40984
40985
40986
40987
40988
40989
40990
40991
41004
41005
41006
41007
41008
41009
41010
41011
41021
41022
41023
41024
41025
41026
41042
41043
41044
41057
41058
41059
41060
41061
41062
41075
41076
41077
41078
41079
41080
41081
41082
41083
41084
41103
41104
41105
41106
41107
41108
41109
41110
41111
41112
41113
41114
41115
41116
41117
41118
41119
41120
41121
41123
41148
41149
41150
41151
41152
41153
41154
41155
41156
41193
41194
41195
41196
41197
41198
41199
41200
41201
41230
41231
41232
41233
41234
41235
41241
41245
41246
41247
41254
41255
41256
41257
41258
41265
41266
41267
41268
41269
41274
41276
41277
41278
41335
41336
41337
41338
41339
41340
41390
41391
41392
41393
41394
41401
41402
41403
41404
41405
41406
41431
41432
41433
41434
41435
41436
41437
41438
41439
41440
41441
41454
41455
41456
41457
41495
41496
41497
41498
41514
41515
41516
41517
41518
41519
41540
41541
41542
41543
41547
41548
41549
41550
41551
41552
41553
41554
41555
41556
41557
41558
41562
41563
41564
41574
41575
41576
41577
41578
41579
41628
41629
41630
41631
41633
41651
41652
41653
41654
41655
41656
41657
41658
41659
41660
41661
41662
41663
41664
41693
41694
41695
41696
41706
41707
41708
41709
41710
41711
41712
41713
41714
41715
41716
41717
41721
41722
41723
41724
41725
41765
41767
41768
41769
41770
41771
41787
41788
41789
41790
41791
41792
41793
41794
41795
41796
41797
41798
41799
41891
41892
41893
41894
41916
41917
41918
41919
41920
41921
41922
41923
41924
41925
41926
41927
41929
41930
41931
41932
41939
41940
41941
41948
41949
41950
41951
42002
42004
42005
42006
42007
42033
42034
42035
42036
42037
42038
42039
42040
42044
42045
42046
42047
42048
42049
42063
42064
42065
42066
42094
42095
42096
42097
42098
42099
42100
42101
42102
42103
42140
42141
42142
42143
42144
42145
42152
42153
42154
42155
42156
42157
42215
42224
42225
42226
42227
42228
42229
42230
42231
42238
42240
42241
42242
42244
42245
42246
42263
42264
42265
42266
42267
42274
42275
42276
42277
42278
42279
42308
42309
42310
42311
42312
42313
42314
42315
42352
42353
42354
42355
42356
42366
42367
42368
42369
42373
42374
42375
42376
42379
42380
42381
42383
42384
42385
42392
42393
42394
42397
42398
42399
42400
42402
42405
42406
42407
42423
42424
42425
42443
42444
42445
42446
42447
42451
42452
42453
42454
42473
42475
42502
42503
42504
42505
42506
42507
42508
42509
42655
42656
42657
42658
42671
42672
42673
42675
42676
42677
42678
42679
42680
42681
42682
42683
42715
42716
42717
42718
42719
42720
42741
42742
42744
42745
42746
42747
42748
42749
42750
42751
42752
42753
42754
42756
42757
42758
42759
42763
42764
42765
42766
42767
42768
42769
42770
42771
42772
42773
42808
42809
42810
42833
42834
42835
42836
42837
42853
42854
42855
42856
42857
42858
42924
42925
42926
42929
42966
42967
42968
42969
42970
42977
42978
42979
42980
42981
42982
42995
42996
42997
42998
42999
43000
43013
43014
43015
43016
43017
43038
43057
43058
43059
43060
43070
43071
43072
43073
43074
43075
43152
43153
43154
43158
43159
43160
43161
43162
43163
43164
43165
43166
43168
43169
43193
43194
43195
43196
43197
43198
43199
43281
43282
43283
43284
43285
43286
43287
43288
43289
43337
43338
43339
43340
43341
43342
43343
43395
43396
43397
43398
43428
43429
43430
43431
43432
43433
43434
43435
43436
43437
43440
43441
43481
43482
43483
43484
43485
43516
43517
43518
43519
43520
43521
43522
43523
43570
43571
43572
43573
43610
43611
43612
43613
43614
43615
43616
43617
43618
43619
43620
43621
43622
43623
43624
43625
43626
43678
43679
43680
43681
43682
43683
43693
43694
43695
43696
43697
43698
43711
43712
43713
43714
43715
43716
43717
43718
43719
43720
43721
43722
43723
43753
43754
43755
43756
43757
43758
43759
43760
43762
43763
43776
43777
43778
43779
43780
43781
43782
43789
43791
43795
43796
43797
43798
43816
43833
43834
43835
43836
43837
43838
43854
43855
43856
43857
43858
43859
43860
43861
43862
43887
43888
43889
43890
43891
43910
43911
43912
43913
43961
43962
43963
43964
43965
43990
43991
43992
43993
43994
44073
44074
44075
44117
44118
44119
44120
44130
44131
44132
44133
44134
44135
44136
44137
44138
44139
44140
44141
44154
44155
44156
44157
44158
44159
44160
44161
44162
44163
44170
44171
44172
44173
44174
44175
44176
44206
44342
44343
44344
44345
44346
44347
44348
44349
44350
44351
44352
44353
44354
44355
44356
44357
44358
44359
44360
44361
44365
44366
44367
44368
44369
44370
44371
44372
44373
44374
44375
44376
44377
44378
44379
44383
44384
44385
44386
44387
44388
44390
44394
44395
44396
44397
44398
44399
44400
44401
44452
44453
44454
44455
44482
44483
44484
44485
44486
44487
44488
44501
44502
44503
44504
44505
44506
44507
44508
44509
44532
44533
44534
44535
44536
44540
44541
44542
44543
44544
44545
44546
44547
44548
44549
44583
44584
44585
44592
44594
44595
44596
44597
44598
44614
44615
44616
44618
44619
44620
44698
44699
44700
44701
44703
44716
44717
44718
44719
44720
44736
44737
44738
44739
44740
44741
44742
44743
44770
44771
44772
44773
44774
44775
44788
44789
44790
44791
44792
44793
44794
44795
44799
44800
44801
44802
44803
44804
44805
44806
44807
44808
44809
44810
44884
44885
44886
44887
44888
44889
44890
44891
44892
44893
44894
44895
44896
44897
44930
44931
44932
44933
44934
44935
44953
44954
44955
44956
44957
44958
44959
44960
44979
44980
44981
44982
45024
45025
45026
45027
45028
45029
45030
45031
45032
45033
45034
45035
45036
45075
45076
45077
45078
45103
45104
45105
45106
45107
45109
45110
45111
45113
45114
45115
45119
45120
45121
45122
45123
45135
45136
45137
45138
45145
45146
45147
45148
45167
45169
45170
45171
45172
45173
45174
45181
45182
45183
45184
45185
45192
45193
45194
45225
45226
45227
45228
45229
45230
45231
45241
45242
45243
45244
45245
45246
45256
45257
45258
45259
45260
45261
45262
45263
45264
45277
45278
45279
45280
45282
45283
45288
45289
45290
45297
45298
45299
45300
45301
45302
45303
45304
45327
45328
45329
45330
45331
45332
45364
45365
45366
45367
45368
45421
45422
45423
45424
45426
45427
45428
45429
45430
45431
45432
45433
45434
45435
45436
45437
45438
45466
45467
45468
45469
45473
45474
45475
45476
45477
45478
45479
45480
45481
45482
45483
45485
45486
45487
45488
45496
45497
45498
45499
45500
45501
45505
45506
45507
45508
45509
45510
45511
45512
45543
45552
45554
45555
45556
45558
45559
45560
45561
45568
45569
45570
45571
45572
45573
45574
45575
45576
45577
45578
45579
45580
45630
45631
45632
45633
45634
45635
45636
45637
45638
45639
45705
45707
45709
45710
45711
45712
45738
45739
45740
45741
45742
45743
45744
45745
45749
45750
45751
45752
45753
45754
45782
45783
45784
45785
45812
45813
45814
45815
45816
45817
45818
45819
45820
45876
45877
45878
45879
45880
45881
45906
45907
45908
45909
45910
45911
45912
45913
45914
45915
45916
45920
45921
45922
45923
45924
45925
45926
45927
45928
45930
45934
45935
45936
45975
45976
45977
45987
45988
45989
45990
45991
45992
45993
45994
45995
45996
45997
45998
46005
46006
46007
46008
46009
46034
46035
46036
46040
46041
46129
46130
46131
46132
46158
46159
46160
46161
46162
46163
46164
46165
46166
46167
46168
46169
46170
46171
46172
46188
46189
46190
46191
46192
46202
46203
46204
46205
46206
46207
46208
46209
46210
46222
46256
46257
46258
46282
46283
46284
46285
46292
46293
46294
46295
46296
46297
46298
46327
46328
46329
46330
46331
46332
46356
46357
46358
46359
46366
46367
46368
46403
46404
46405
46406
46407
46408
46409
46410
46411
46412
46413
46430
46431
46432
46433
46434
46435
46531
46532
46533
46534
46535
46536
46569
46570
46571
46572
46573
46574
46598
46599
46600
46601
46602
46603
46622
46623
46624
46625
46626
46634
46635
46636
46637
46638
46639
46689
46690
46691
46692
46694
46695
46696
46697
46708
46709
46710
46711
46712
46741
46742
46743
46744
46745
46746
46747
46748
46749
46762
46763
46764
46765
46766
46767
46768
46769
46770
46774
46777
46778
46779
46780
46781
46782
46784
46785
46786
46799
46800
46801
46802
46803
46804
46805
46806
46813
46814
46815
46816
46817
46818
46819
46826
46827
46828
46857
46858
46859
46965
46966
46967
46968
46969
46979
46980
46981
46982
46983
47023
47024
47025
47026
47027
47028
47029
47030
47031
47032
47033
47034
47035
47036
47037
47038
47039
47040
47041
47042
47043
47062
47063
47064
47065
47105
47106
47111
47112
47113
47117
47118
47119
47120
47121
47122
47123
47124
47134
47135
47136
47137
47138
47139
47140
47141
47142
47168
47183
47184
47185
47186
47187
47222
47223
47224
47225
47275
47276
47277
47278
47279
47280
47281
47282
47283
47284
47285
47286
47287
47300
47301
47302
47303
47304
47305
47379
47380
47381
47382
47383
47384
47493
47494
47495
47496
47497
47498
47499
47559
47560
47561
47562
47563
47564
47565
47566
47567
47568
47569
47570
47571
47572
47573
47574
47575
47576
47577
47586
47587
47588
47589
47590
47591
47592
47593
47594
47595
47599
47600
47601
47602
47603
47604
47605
47606
47641
47642
47643
47644
47645
47654
47655
47656
47657
47668
47669
47670
47671
47672
47673
47674
47675
47676
47692
47693
47694
47695
47696
47697
47698
47700
47713
47714
47715
47737
47738
47739
47776
47799
47800
47801
47802
47803
47804
47805
47806
47807
47821
47822
47823
47824
47825
47826
47897
47898
47899
47900
47901
47914
47915
47916
47917
47918
47920
47921
47922
47923
47924
47925
47926
47928
47934
47960
47961
47962
47963
47964
47965
47966
47967
47968
47998
47999
48000
48001
48002
48003
48004
48005
48027
48028
48030
48031
48032
48033
48034
48059
48060
48061
48068
48069
48070
48071
48072
48073
48074
48075
48077
48078
48079
48080
48081
48082
48095
48096
48097
48098
48123
48124
48125
48126
48127
48128
48178
48181
48182
48183
48185
48186
48187
48203
48204
48205
48206
48207
48208
48209
48210
48247
48248
48249
48250
48251
48252
48253
48254
48255
48256
48292
48293
48295
48296
48311
48312
48313
48314
48345
48346
48347
48348
48430
48431
48432
48433
48434
48438
48439
48440
48441
48442
48443
48444
48448
48449
48450
48451
48452
48453
48454
48455
48456
48457
48458
48459
48460
48482
48483
48484
48485
48486
48487
48491
48492
48493
48494
48495
48496
48497
48498
48499
48515
48516
48517
48524
48525
48526
48527
48528
48529
48530
48531
48533
48534
48591
48592
48593
48594
48595
48599
48600
48601
48602
48603
48650
48651
48654
48694
48695
48696
48697
48698
48702
48703
48704
48705
48706
48707
48717
48718
48719
48720
48721
48722
48723
48724
48725
48726
48727
48728
48729
48739
48740
48741
48742
48758
48759
48761
48775
48776
48777
48778
48810
48811
48812
48813
48814
48815
48816
48817
48830
48831
48832
48833
48834
48898
48899
48900
48901
48902
48903
48904
48915
48916
48917
48918
48925
48926
48927
48928
48929
48939
48940
48941
48948
48949
48950
49018
49019
49020
49021
49022
49023
49024
49028
49029
49030
49031
49032
49033
49053
49054
49055
49056
49057
49058
49068
49069
49070
49071
49072
49082
49083
49084
49085
49086
49087
49122
49123
49124
49125
49126
49127
49167
49168
49169
49170
49171
49172
49173
49174
49175
49176
49177
49178
49179
49214
49215
49216
49217
49218
49219
49220
49268
49269
49271
49273
49274
49275
49276
49367
49368
49369
49370
49371
49372
49373
49374
49375
49376
49377
49378
49379
49380
49381
49480
49481
49482
49483
49484
49486
49487
49491
49492
49493
49494
49495
49496
49497
49535
49536
49537
49565
49566
49567
49618
49619
49620
49621
49623
49624
49625
49626
49627
49628
49629
49630
49637
49638
49639
49640
49641
49642
49643
49725
49727
49790
49791
49792
49793
49795
49796
49797
49798
49808
49809
49810
49811
49812
49871
49872
49873
49874
49875
49894
49895
49896
49897
49898
49899
49900
49901
49902
49903
49904
49905
49953
49954
49955
49956
49957
49958
49968
49971
49973
49974
49976
49978
49988
49989
49990
49991
49992
49993
50056
50057
50058
50059
50060
50061
50062
50063
50064
50065
50066
50067
50068
50070
50071
50072
50073
50074
50075
50076
50204
50205
50206
50207
50208
50209
50210
50211
50212
50213
50214
50215
50216
50217
50244
50245
50246
50247
50248
50249
50250
50251
50268
50269
50270
50271
50272
50283
50284
50285
50286
50287
50288
50289
50292
50293
50294
50295
50296
50325
50326
50327
50395
50396
50397
50398
50399
50455
50456
50457
50458
50471
50472
50473
50474
50475
50479
50481
50482
50483
50484
50485
50486
50487
50488
50489
50496
50497
50498
50499
50500
50501
50505
50506
50507
50508
50509
50510
50520
50523
50524
50534
50535
50536
50537
50557
50558
50559
50560
50561
50562
50673
50674
50675
50676
50677
50678
50691
50692
50694
50695
50696
50697
50777
50778
50779
50780
50781
50782
50783
50784
50791
50792
50793
50794
50799
50801
50802
50810
50811
50812
50813
50814
50816
50817
50818
50819
50839
50840
50841
50842
50843
50844
50852
50853
50854
50855
50856
50857
50858
50859
50907
50908
50909
50910
50911
50918
50919
50920
50921
50922
50923
50924
50925
50926
50927
50928
50930
50931
50932
50933
50985
50986
50987
50988
50989
50993
50994
50995
50996
50997
50998
50999
51000
51001
51002
51003
51004
51045
51046
51047
51048
51050
51091
51092
51093
51100
51101
51102
51103
51117
51118
51119
51120
51121
51122
51203
51204
51205
51206
51207
51239
51240
51241
51242
51243
51292
51293
51294
51295
51296
51297
51298
51299
51300
51301
51328
51329
51330
51331
51332
51333
51334
51335
51336
51337
51338
51363
51364
51365
51366
51367
51368
51375
51376
51377
51381
51382
51383
51390
51391
51392
51393
51394
51395
51416
51417
51418
51419
51440
51441
51442
51443
51444
51445
51446
51447
51448
51449
51450
51454
51455
51456
51457
51458
51459
51460
51467
51470
51471
51472
51476
51477
51499
51500
51501
51502
51503
51504
51505
51540
51541
51542
51650
51651
51657
51658
51659
51660
51661
51662
51678
51679
51680
51681
51682
51683
51684
51685
51689
51690
51691
51692
51693
51694
51695
51696
51697
51795
51796
51797
51798
51799
51800
51801
51802
51830
51831
51832
51833
51849
51850
51851
51852
51853
51854
51927
51928
51931
51936
51937
51938
51976
51977
51978
51979
51980
51981
52034
52035
52036
52037
52074
52075
52076
52077
52078
52091
52092
52093
52094
52095
52096
52112
52113
52114
52115
52116
52117
52118
52120
52122
52123
52124
52125
52126
52127
52128
52130
52132
52145
52146
52147
52148
52149
52153
52159
52160
52161
52162
52182
52183
52184
52185
52230
52231
52233
52234
52235
52236
52243
52244
52245
52246
52247
52276
52277
52278
52279
52281
52282
52289
52290
52291
52292
52293
52294
52370
52371
52372
52373
52392
52393
52394
52395
52412
52413
52414
52415
52416
52417
52421
52422
52424
52425
52426
52427
52428
52429
52430
52431
52432
52433
52434
52484
52486
52487
52490
52507
52508
52510
52512
52513
52514
52521
52522
52523
52524
52525
52526
52527
52528
52529
52530
52531
52532
52533
52534
52535
52536
52537
52538
52539
52540
52541
52566
52567
52568
52569
52570
52571
52572
52579
52580
52582
52584
52594
52595
52596
52597
52598
52599
52603
52604
52606
52607
52608
52609
52610
52613
52618
52622
52623
52624
52625
52626
52633
52634
52635
52636
52637
52638
52692
52693
52694
52695
52696
52703
52704
52705
52706
52735
52736
52737
52818
52819
52820
52821
52822
52823
52827
52828
52830
52831
52833
52834
52835
52841
52842
52845
52846
52848
52849
52850
52878
52879
52880
52881
52882
52883
52884
52907
52908
52909
52910
52911
52912
52913
52914
52915
52957
52958
52959
52963
52964
52965
52966
52967
52968
53022
53023
53024
53027
53028
53032
53033
53034
53035
53036
53037
53038
53039
53040
53065
53066
53067
53068
53101
53102
53103
53104
53105
53106
53110
53111
53112
53113
53114
53115
53116
53117
53118
53119
53187
53188
53189
53190
53216
53217
53218
53219
53220
53221
53237
53238
53239
53240
53241
53242
53246
53247
53248
53249
53250
53251
53263
53264
53265
53266
53267
53300
53301
53302
53303
53304
53305
53313
53314
53315
53316
53318
53329
53330
53331
53332
53339
53341
53342
53370
53371
53372
53373
53374
53375
53376
53377
53378
53391
53392
53393
53410
53411
53412
53414
53495
53496
53498
53499
53501
53502
53556
53557
53558
53559
53560
53561
53589
53590
53591
53592
53593
53594
53611
53612
53613
53614
53615
53616
53617
53677
53678
53679
53680
53681
53682
53689
53690
53691
53692
53711
53712
53713
53714
53715
53765
53766
53767
53768
53769
53770
53771
53772
53805
53806
53807
53808
53809
53810
53811
53812
53813
53814
53838
53839
53840
53841
53842
53843
53850
53851
53852
53853
53854
53876
53877
53879
53880
53881
53882
53886
53887
53888
53889
53890
53891
53892
53914
53915
53916
53917
53930
53931
53932
53933
53982
53983
53985
54020
54021
54022
54023
54030
54032
54033
54034
54035
54036
54037
54038
54039
54040
54041
54042
54044
54045
54046
54047
54048
54049
54050
54069
54070
54071
54072
54073
54074
54075
54076
54077
54078
54079
54080
54090
54091
54092
54093
54094
54095
54096
54097
54098
54099
54100
54104
54105
54106
54107
54118
54119
54120
54123
54124
54125
54126
54127
54134
54135
54137
54138
54139
54140
54141
54142
54143
54144
54145
54146
54147
54151
54152
54153
54154
54197
54198
54200
54202
54203
54204
54311
54312
54313
54314
54316
54317
54318
54319
54320
54321
54354
54355
54356
54357
54358
54380
54382
54383
54384
54385
54386
54403
54404
54405
54406
54407
54420
54421
54422
54432
54433
54434
54435
54436
54437
54438
54439
54440
54441
54448
54449
54458
54459
54460
54461
54462
54463
54464
54465
54512
54513
54514
54515
54516
54517
54540
54541
54542
54543
54594
54595
54596
54597
54598
54669
54670
54671
54673
54677
54678
54679
54681
54695
54696
54697
54698
54699
54700
54701
54714
54715
54716
54717
54718
54719
54753
54754
54755
54756
54757
54758
54823
54824
54825
54826
54830
54831
54832
54833
54834
54835
54836
54837
54876
54878
54879
54880
54884
54886
54888
54890
54939
54940
54941
54942
54943
54944
54983
54985
54986
54997
54998
54999
55000
55001
55010
55011
55012
55013
55014
55015
55016
55017
55044
55045
55046
55047
55048
55049
55050
55051
55052
55053
55054
55067
55068
55069
55070
55071
55072
55073
55074
55131
55132
55133
55134
55192
55193
55194
55195
55196
55197
55198
55199
55200
55201
55202
55203
55218
55220
55221
55222
55223
55236
55237
55238
55239
55240
55241
55242
55243
55244
55245
55246
55247
55249
55250
55251
55252
55253
55254
55255
55256
55257
55272
55273
55274
55275
55276
55277
55284
55285
55286
55287
55288
55289
55290
55300
55301
55302
55303
55304
55306
55316
55317
55318
55319
55320
55321
55322
55323
55324
55325
55326
55327
55394
55395
55396
55397
55398
55399
55400
55402
55412
55413
55414
55415
55434
55435
55436
55471
55472
55473
55474
55493
55494
55495
55505
55506
55507
55508
55509
55511
55512
55513
55514
55515
55516
55523
55524
55525
55526
55551
55552
55553
55593
55594
55595
55596
55597
55598
55599
55600
55601
55602
55603
55673
55674
55675
55682
55683
55684
55685
55686
55687
55727
55728
55729
55730
55731
55732
55763
55764
55765
55766
55823
55825
55829
55830
55831
55836
55837
55839
55849
55850
55851
55853
55854
55855
55856
55857
55859
55860
55861
55862
55863
55864
55865
55866
55867
55868
55873
55874
55876
55877
55879
55880
55881
55882
55883
55923
55924
55925
55926
55944
55945
55946
55947
55948
55949
55950
56007
56008
56009
56010
56011
56012
56013
56014
56015
56016
56036
56037
56038
56039
56040
56041
56119
56120
56121
56122
56123
56178
56179
56180
56181
56182
56217
56218
56219
56220
56221
56222
56223
56224
56231
56232
56233
56234
56235
56236
56237
56238
56240
56241
56242
56244
56245
56255
56256
56257
56258
56259
56260
56261
56262
56263
56264
56265
56266
56267
56287
56288
56290
56291
56292
56302
56303
56304
56305
56306
56307
56324
56325
56326
56327
56328
56335
56336
56337
56338
56367
56368
56369
56378
56379
56380
56381
56382
56419
56420
56421
56422
56423
56424
56425
56426
56456
56457
56458
56459
56460
56461
56462
56463
56476
56477
56478
56479
56480
56481
56516
56517
56518
56519
56520
56521
56522
56523
56524
56525
56526
56527
56535
56536
56537
56538
56539
56540
56541
56542
56543
56553
56554
56555
56556
56557
56558
56559
56560
56561
56562
56567
56568
56569
56570
56571
56572
56573
56574
56575
56618
56619
56620
56621
56622
56623
56642
56643
56644
56645
56646
56647
56648
56718
56722
56723
56750
56751
56752
56753
56808
56809
56810
56811
56812
56813
56859
56860
56861
56862
56863
56864
56865
56866
56894
56895
56896
56897
56898
56899
56911
56956
56957
56958
56959
56960
56961
56962
56963
56964
56965
56986
56987
56988
56989
57061
57062
57063
57064
57065
57066
57084
57085
57086
57087
57105
57107
57108
57109
57110
57111
57121
57122
57123
57124
57193
57194
57195
57196
57197
57198
57199
57200
57201
57202
57203
57204
57205
57208
57212
57213
57214
57215
57216
57217
57218
57219
57220
57221
57222
57223
57264
57265
57266
57314
57315
57316
57317
57318
57319
57320
57321
57322
57326
57327
57328
57329
57330
57361
57362
57363
57365
57366
57397
57398
57399
57400
57422
57423
57424
57425
57426
57427
57428
57432
57433
57434
57435
57436
57437
57438
57439
57440
57442
57443
57444
57499
57500
57501
57502
57503
57505
57506
57507
57508
57537
57538
57539
57557
57558
57559
57677
57678
57680
57681
57682
57683
57702
57703
57704
57705
57706
57765
57766
57767
57768
57769
57770
57771
57772
57773
57774
57775
57830
57831
57832
57833
57834
57835
57842
57843
57844
57845
57846
57848
57876
57885
57887
57889
58037
58038
58039
58040
58041
58042
58043
58044
58045
58046
58047
58048
58061
58062
58063
58064
58065
58066
58131
58132
58133
58134
58135
58136
58137
58138
58139
58140
58144
58145
58146
58180
58181
58182
58183
58184
58247
58248
58249
58250
58251
58252
58253
58254
58256
58257
58258
58259
58260
58261
58265
58266
58267
58268
58269
58270
58271
58289
58290
58291
58292
58293
58294
58295
58296
58297
58301
58302
58303
58304
58305
58306
58307
58309
58313
58314
58315
58340
58341
58342
58421
58422
58423
58424
58425
58426
58427
58429
58430
58431
58432
58464
58465
58466
58467
58468
58622
58623
58624
58625
58626
58639
58640
58641
58651
58652
58653
58654
58655
58656
58657
58662
58663
58665
58666
58667
58693
58694
58695
58696
58697
58698
58699
58700
58701
58702
58703
58704
58705
58706
58707
58726
58727
58728
58823
58824
58825
58826
58827
58828
58829
58836
58837
58838
58839
58840
58841
58842
58852
58853
58854
58855
58856
58857
58924
58925
58926
58927
58928
58929
58970
58971
58972
58973
58980
58981
58982
58983
58984
58985
58986
58987
59008
59009
59010
59011
59012
59013
59014
59018
59019
59020
59021
59026
59027
59062
59063
59064
59065
59078
59079
59080
59081
59082
59084
59085
59086
59087
59088
59089
59149
59150
59151
59152
59153
59170
59171
59172
59173
59174
59175
59176
59177
59178
59205
59206
59207
59208
59212
59213
59217
59220
59221
59223
59224
59225
59226
59227
59228
59229
59253
59254
59255
59256
59257
59258
59259
59263
59264
59265
59266
59267
59268
59269
59270
59292
59293
59294
59295
59325
59326
59327
59334
59335
59336
59337
59338
59339
59340
59364
59365
59366
59416
59417
59418
59419
59420
59442
59443
59445
59450
59451
59452
59453
59488
59489
59490
59497
59498
59499
59500
59501
59502
59503
59504
59508
59509
59510
59511
59515
59516
59517
59518
59519
59520
59611
59612
59613
59614
59615
59616
59617
59618
59619
59620
59642
59643
59644
59645
59646
59648
59649
59650
59651
59652
59653
59654
59655
59693
59697
59698
59699
59700
59701
59702
59703
59707
59708
59709
59710
59717
59718
59719
59720
59721
59800
59801
59802
59803
59804
59805
59806
59807
59808
59809
59810
59845
59846
59847
59848
59849
59853
59854
59855
59856
59857
59858
59886
59887
59888
59889
59890
59891
59899
59900
59901
59902
59903
59904
59948
59949
59950
59951
59987
59988
59989
59990
59991
59992
59993
60000
60001
60002
60003
60004
60034
60035
60036
60037
60038
60039
60058
60059
60060
60061
60062
60103
60104
60105
60106
60107
60108
60109
60117
60118
60119
60138
60139
60140
60144
60145
60146
60147
60148
60149
60158
60159
60160
60161
60193
60194
60195
60196
60197
60222
60223
60224
60225
60226
60227
60261
60262
60263
60264
60265
60273
60274
60275
60276
60337
60353
60354
60355
60356
60357
60358
60359
60360
60407
60408
60409
60410
60411
60412
60413
60414
60415
60416
60417
60418
60419
60420
60421
60422
60423
60424
60425
60426
60427
60428
60429
60430
60431
60492
60493
60494
60495
60496
60529
60530
60531
60567
60568
60569
60570
60571
60620
60621
60622
60623
60704
60705
60706
60747
60748
60750
60752
60753
60763
60764
60765
60876
60877
60878
60879
60880
60881
60882
60883
60884
60885
60886
60896
60897
60898
60899
60900
60904
60905
60906
60907
60940
60941
60942
60943
60944
60963
60964
60965
60966
60967
60968
60969
60970
60971
60991
60992
60993
61090
61091
61092
61093
61094
61099
61100
61101
61102
61103
61104
61105
61106
61107
61108
61131
61132
61133
61134
61186
61187
61188
61189
61199
61200
61201
61202
61203
61210
61211
61212
61213
61214
61215
61216
61220
61221
61222
61232
61233
61234
61235
61236
61237
61263
61264
61265
61272
61273
61274
61278
61279
61280
61289
61293
61294
61295
61296
61297
61298
61299
61300
61301
61305
61306
61307
61308
61309
61310
61314
61315
61316
61317
61318
61319
61326
61327
61328
61329
61330
61331
61507
61508
61509
61510
61511
61512
61513
61526
61527
61528
61529
61530
61588
61589
61590
61591
61625
61626
61627
61628
61629
61630
61641
61642
61643
61644
61645
61646
61647
61648
61649
61650
61651
61652
61653
61660
61661
61662
61663
61664
61665
61682
61683
61710
61711
61712
61713
61714
61715
61723
61724
61787
61788
61789
61790
61791
61792
61793
61794
61795
61796
61797
61806
61807
61808
61809
61810
61811
61815
61816
61817
61818
61820
61904
61905
61906
61907
61948
61949
61950
61951
61952
61953
61954
61955
61956
61957
61964
61965
61967
61968
61969
61970
61972
62014
62015
62016
62017
62018
62019
62020
62021
62022
62023
62066
62067
62068
62069
62070
62083
62084
62085
62086
62087
62088
62107
62108
62109
62126
62127
62128
62129
62170
62173
62174
62176
62183
62184
62185
62231
62232
62233
62261
62262
62263
62264
62269
62270
62271
62297
62298
62299
62300
62301
62302
62309
62310
62311
62312
62313
62314
62315
62317
62324
62325
62326
62327
62328
62329
62355
62356
62357
62377
62378
62379
62380
62381
62382
62383
62384
62385
62387
62398
62399
62401
62402
62403
62404
62405
62406
62408
62409
62410
62411
62435
62436
62437
62438
62439
62440
62462
62463
62464
62465
62466
62467
62540
62541
62542
62543
62544
62549
62560
62561
62562
62563
62564
62565
62566
62567
62568
62569
62570
62580
62581
62582
62583
62584
62585
62586
62587
62588
62595
62596
62597
62598
62599
62600
62601
62602
62618
62619
62620
62621
62622
62623
62624
62625
62626
62654
62655
62656
62657
62658
62682
62683
62684
62685
62686
62687
62688
62689
62690
62691
62692
62712
62713
62714
62715
62716
62749
62750
62751
62752
62753
62754
62755
62756
62757
62758
62759
62760
62761
62762
62763
62764
62765
62766
62767
62768
62769
62770
62833
62834
62835
62836
62837
62838
62839
62840
62841
62842
62845
62847
62925
62926
62927
62928
62929
62939
62940
62941
62942
62943
62944
62945
62946
62947
62948
62949
62950
63006
63007
63010
63014
63015
63016
63171
63172
63173
63174
63175
63176
63180
63181
63182
63183
63184
63211
63231
63232
63233
63234
63236
63237
63238
63239
63240
63324
63325
63326
63340
63341
63342
63343
63362
63363
63364
63365
63366
63367
63368
63370
63371
63372
63373
63388
63389
63390
63391
63392
63393
63394
63395
63402
63403
63404
63405
63406
63407
63411
63412
63413
63414
63415
63416
63426
63427
63428
63429
63430
63431
63456
63457
63458
63459
63490
63491
63492
63493
63494
63495
63496
63518
63519
63521
63522
63524
63525
63526
63527
63542
63543
63544
63545
63546
63547
63548
63569
63570
63571
63572
63573
63574
63578
63579
63580
63581
63582
63583
63584
63585
63586
63587
63588
63589
63590
63591
63592
63599
63600
63601
63602
63603
63604
63605
63606
63607
63608
63609
63610
63611
63612
63613
63614
63615
63616
63617
63618
63619
63620
63621
63622
63626
63627
63628
63629
63630
63631
63632
63633
63634
63635
63636
63637
63639
63640
63641
63669
63670
63671
63672
63673
63674
63675
63676
63677
63678
63679
63680
63681
63688
63689
63690
63691
63692
63693
63741
63742
63743
63744
63745
63746
63747
63751
63752
63753
63754
63755
63762
63763
63764
63765
63769
63770
63771
63772
63773
63855
63856
63857
63858
63859
63860
63885
63886
63887
63888
63895
63896
63897
63898
63899
63900
63902
63903
63904
63905
63906
63907
63908
63909
63910
63912
63913
63926
63927
63928
63929
63930
63931
63932
63933
63934
63990
63991
63992
63993
63994
63995
63996
63997
63998
64000
64001
64002
64003
64005
64006
64007
64008
64009
64010
64095
64096
64097
64098
64123
64146
64147
64148
64161
64162
64163
64164
64165
64166
64173
64174
64175
64198
64199
64200
64201
64226
64227
64228
64229
64230
64231
64274
64275
64276
64340
64341
64342
64343
64348
64349
64350
64351
64352
64353
64354
64355
64356
64357
64358
64360
64379
64380
64381
64382
64383
64384
64385
64386
64387
64388
64389
64390
64472
64473
64474
64475
64476
64477
64479
64480
64481
64482
64483
64484
64506
64507
64508
64509
64510
64526
64527
64528
64529
64530
64574
64575
64576
64577
64590
64591
64592
64593
64594
64595
64633
64634
64635
64636
64638
64639
64640
64641
64642
64644
64645
64646
64647
64648
64649
64675
64676
64677
64678
64679
64680
64681
64682
64683
64684
64685
64686
64719
64720
64721
64722
64723
64727
64728
64729
64770
64771
64772
64773
64774
64784
64785
64786
64838
64839
64840
64841
64842
64843
64846
64848
64891
64892
64893
64894
64895
64896
64897
64898
64899
64965
64966
64967
64968
64969
64982
64983
64984
64985
64986
65016
65017
65018
65019
65020
65021
65058
65059
65060
65061
65062
65063
65064
65065
65072
65073
65074
65075
65076
65077
65094
65095
65096
65141
65142
65143
65144
65145
65146
65194
65195
65196
65197
65198
65199
65200
65201
65256
65257
65258
65259
65260
65261
65262
65263
65268
65269
65270
65272
65274
65275
65276
65277
65278
65279
65280
65281
65283
65284
65285
65286
65287
65288
65382
65383
65384
65385
65386
65388
65389
65390
65391
65392
65393
65414
65494
65495
65496
65497
65498
65517
65518
65519
65520
65521
65522
65604
65605
65606
65607
65608
65650
65651
65652
65653
65654
65655
65656
65674
65675
65676
65677
65733
65734
65736
65737
65740
65755
65756
65757
65758
65759
65760
65796
65797
65798
65799
65800
65819
65820
65821
65822
65901
65902
65903
65904
65905
65906
65907
65908
65909
65910
65911
65912
65913
65914
65915
65925
65926
65927
65928
65929
65930
65931
65950
65951
65952
65953
65954
65955
65956
66007
66008
66009
66010
66011
66012
66013
66014
66015
66016
66017
66018
66019
66020
66036
66037
66038
66039
66040
66041
66042
66085
66086
66087
66088
66089
66090
66110
66111
66112
66113
66114
66115
66116
66117
66136
66137
66138
66139
66158
66159
66160
66161
66162
66163
66164
66165
66166
66167
66174
66175
66176
66177
66178
66179
66180
66181
66182
66183
66184
66185
66186
66187
66188
66189
66190
66191
66192
66193
66194
66195
66245
66246
66247
66277
66278
66279
66280
66281
66282
66283
66284
66285
66286
66287
66288
66289
66301
66302
66309
66310
66311
66312
66313
66314
66315
66316
66338
66339
66340
66341
66342
66353
66354
66355
66376
66377
66378
66379
66380
66381
66382
66383
66384
66385
66386
66387
66388
66389
66390
66391
66395
66396
66397
66398
66399
66457
66458
66459
66460
66461
66462
66463
66464
66481
66482
66483
66484
66485
66486
66490
66492
66493
66507
66508
66509
66510
66511
66513
66514
66515
66528
66529
66530
66531
66532
66533
66537
66538
66539
66540
66541
66542
66543
66544
66545
66568
66570
66571
66572
66573
66610
66611
66612
66613
66614
66615
66616
66618
66619
66620
66621
66622
66640
66641
66642
66643
66644
66645
66646
66680
66681
66682
66683
66684
66685
66686
66687
66688
66689
66690
66691
66709
66711
66712
66719
66720
66721
66722
66723
66724
66725
66780
66781
66782
66783
66784
66785
66786
66787
66788
66789
66790
66791
66795
66796
66797
66816
66817
66818
66819
66820
66821
66822
66823
66824
66825
66826
66827
66828
66829
66830
66831
66856
66857
66858
66859
66860
66861
66862
66863
66874
66875
66876
66877
66878
66879
66880
66881
66882
66886
66887
66888
66889
66890
66891
66898
66899
66900
66901
66902
66903
66904
66905
66906
66907
66908
66918
66919
66920
66921
66962
66963
66964
66965
66966
66967
66968
66969
66970
66971
66972
66973
66974
66975
66976
67011
67012
67013
67014
67015
67037
67038
67039
67040
67041
67070
67071
67072
67073
67121
67122
67123
67124
67125
67126
67127
67128
67129
67130
67131
67132
67145
67146
67147
67148
67149
67150
67168
67170
67171
67172
67188
67189
67190
67191
67192
67193
67200
67201
67202
67203
67204
67206
67207
67208
67209
67210
67211
67212
67213
67217
67218
67219
67220
67221
67222
67224
67228
67229
67230
67231
67232
67239
67240
67241
67293
67294
67295
67296
67297
67298
67299
67300
67310
67311
67312
67316
67318
67319
67350
67351
67352
67389
67390
67391
67392
67393
67417
67418
67419
67420
67421
67422
67423
67424
67425
67426
67427
67428
67429
67430
67431
67432
67467
67468
67469
67470
67480
67483
67484
67489
67490
67491
67492
67493
67494
67536
67537
67538
67539
67540
67541
67660
67661
67662
67663
67664
67668
67725
67726
67727
67728
67729
67730
67731
67732
67733
67771
67801
67802
67803
67804
67805
67806
67819
67820
67821
67822
67823
67824
67825
67868
67869
67870
67872
67879
67880
67883
67884
67941
67942
67943
67944
67945
67946
67947
67948
67949
67950
67951
67952
67953
67954
67955
67990
67991
67994
67995
67996
67997
67998
68047
68048
68049
68050
68051
68052
68053
68054
68055
68056
68057
68058
68062
68063
68064
68096
68097
68098
68099
68114
68115
68116
68117
68121
68122
68123
68124
68125
68126
68127
68128
68129
68130
68171
68172
68173
68174
68175
68176
68216
68217
68218
68225
68226
68227
68282
68284
68285
68286
68288
68289
68290
68291
68302
68303
68304
68305
68306
68307
68353
68354
68355
68371
68372
68373
68377
68378
68379
68380
68381
68382
68383
68384
68394
68395
68396
68475
68476
68477
68478
68479
68480
68481
68482
68483
68485
68486
68487
68488
68489
68490
68492
68493
68495
68496
68497
68501
68502
68503
68504
68506
68507
68512
68515
68536
68537
68538
68539
68553
68554
68555
68558
68559
68560
68562
68563
68567
68568
68569
68570
68571
68572
68576
68577
68578
68579
68580
68581
68582
68639
68640
68641
68698
68700
68701
68702
68703
68704
68705
68712
68713
68714
68730
68731
68732
68733
68793
68794
68795
68796
68797
68798
68799
68812
68813
68814
68815
68816
68817
68822
68823
68824
68825
68826
68827
68828
68829
68830
68831
68851
68852
68853
68854
68855
68856
68857
68858
68859
68860
68861
68862
68875
68876
68877
68878
68879
68880
68881
68891
68892
68893
68894
68895
68905
68906
68907
68908
68909
68910
68911
68915
68917
68918
68919
68920
68955
68956
68957
68958
69006
69007
69008
69009
69010
69011
69021
69022
69023
69024
69025
69035
69037
69038
69039
69043
69044
69045